    0        1667981778.112148155    119   0.000000000
    1        1667981778.112151436      2   0.000003338
    2        1667981778.112281184      1   0.000129700
    3        1667981778.115481826      4   0.003200769
    4        1667981778.118692741      3   0.003210783
    5        1667981778.121928467      6   0.003235817
    6        1667981778.125172835      5   0.003244400
    7        1667981778.128408549      8   0.003235579
    8        1667981778.131623356      7   0.003214836
    9        1667981778.136083816     10   0.004460573
   10        1667981778.140904492      9   0.004820585
   11        1667981778.144145795     12   0.003241301
   12        1667981778.147375716     11   0.003230095
   13        1667981778.150611685     14   0.003235817
   14        1667981778.153809159     13   0.003197432
   15        1667981778.157011206     16   0.003202200
   16        1667981778.160402174     15   0.003390789
   17        1667981778.163639769     18   0.003237724
   18        1667981778.166878464     17   0.003238678
   19        1667981778.170085953     20   0.003207445
   20        1667981778.173296794     19   0.003210783
   21        1667981778.176488091     22   0.003191471
   22        1667981778.179717987     21   0.003229856
   23        1667981778.182970780     24   0.003252745
   24        1667981778.186180537     23   0.003209829
   25        1667981778.189405727     26   0.003225088
   26        1667981778.192642390     25   0.003236771
   27        1667981778.195887470     28   0.003245115
   28        1667981778.199122149     27   0.003234625
   29        1667981778.202277876     30   0.003155708
   30        1667981778.205467315     29   0.003189325
   31        1667981778.208727215     32   0.003259897
   32        1667981778.211976336     31   0.003249168
   33        1667981778.215213087     34   0.003236771
   34        1667981778.218455942     33   0.003242970
   35        1667981778.221618701     36   0.003162622
   36        1667981778.224834614     35   0.003216028
   37        1667981778.228028810     38   0.003194094
   38        1667981778.231244119     37   0.003215313
   39        1667981778.234475635     40   0.003231525
   40        1667981778.237681955     39   0.003206253
   41        1667981778.240879569     42   0.003197670
   42        1667981778.244109844     41   0.003230333
   43        1667981778.247317447     44   0.003207684
   44        1667981778.250548996     43   0.003231525
   45        1667981778.253781002     46   0.003232002
   46        1667981778.256961997     45   0.003180981
   47        1667981778.260184265     48   0.003222227
   48        1667981778.263418453     47   0.003234148
   49        1667981778.266646542     50   0.003228188
   50        1667981778.269829890     49   0.003183365
   51        1667981778.273008449     52   0.003178358
   52        1667981778.276216677     51   0.003208399
   53        1667981778.279417841     54   0.003201008
   54        1667981778.282569463     53   0.003151655
   55        1667981778.285760455     56   0.003190994
   56        1667981778.288946195     55   0.003185749
   57        1667981778.292173553     58   0.003227472
   58        1667981778.295403111     57   0.003229380
   59        1667981778.298633700     60   0.003230810
   60        1667981778.301861753     59   0.003227949
   61        1667981778.305091955     62   0.003230095
   62        1667981778.308324279     61   0.003232479
   63        1667981778.311733765     64   0.003409386
   64        1667981778.314986185     63   0.003252506
   65        1667981778.318216380     66   0.003230095
   66        1667981778.321449863     65   0.003233433
   67        1667981778.324681433     68   0.003231764
   68        1667981778.327871014     67   0.003189564
   69        1667981778.331044934     70   0.003173828
   70        1667981778.334277358     69   0.003232479
   71        1667981778.337467773     72   0.003190279
   72        1667981778.340697894     71   0.003230333
   73        1667981778.343851373     74   0.003153324
   74        1667981778.347082386     73   0.003231049
   75        1667981778.350314887     76   0.003232479
   76        1667981778.353546841     75   0.003232002
   77        1667981778.356776632     78   0.003229856
   78        1667981778.360008137     77   0.003231525
   79        1667981778.363238702     80   0.003230572
   80        1667981778.366470614     79   0.003231764
   81        1667981778.369660036     82   0.003189564
   82        1667981778.372890843     81   0.003230810
   83        1667981778.376122113     84   0.003231049
   84        1667981778.379346368     83   0.003224373
   85        1667981778.382574655     86   0.003228188
   86        1667981778.385805380     85   0.003230810
   87        1667981778.388996117     88   0.003190756
   88        1667981778.392208258     87   0.003212214
   89        1667981778.395437558     90   0.003229141
   90        1667981778.398666469     89   0.003228903
   91        1667981778.401895310     92   0.003228903
   92        1667981778.405080759     91   0.003185511
   93        1667981778.408313005     94   0.003232241
   94        1667981778.411541541     93   0.003228426
   95        1667981778.414752728     96   0.003211260
   96        1667981778.417937542     95   0.003184795
   97        1667981778.421119080     98   0.003181458
   98        1667981778.424317707     97   0.003198624
   99        1667981778.427547660    100   0.003230095
  100        1667981778.430778656     99   0.003231049
  101        1667981778.434007953    102   0.003229141
  102        1667981778.437240703    101   0.003232718
  103        1667981778.440452818    104   0.003212214
  104        1667981778.443684614    103   0.003231764
  105        1667981778.446917670    106   0.003233194
  106        1667981778.450110063    105   0.003192186
  107        1667981778.453339599    108   0.003229618
  108        1667981778.456569821    107   0.003230333
  109        1667981778.459799042    110   0.003229141
  110        1667981778.463032858    109   0.003233910
  111        1667981778.466262319    112   0.003229380
  112        1667981778.469449208    111   0.003186941
  113        1667981778.472681704    114   0.003232479
  114        1667981778.475912738    113   0.003231049
  115        1667981778.479142155    116   0.003229380
  116        1667981778.482370861    115   0.003228664
  117        1667981778.485576863    118   0.003206015
  118        1667981778.488795727    117   0.003218889
  119        1667981778.491969489      0   0.003173828
  120        1667981778.495153216    119   0.003183603
  121        1667981778.497306488     -1   0.002153397
  122        1667981778.498174499      2   0.000867844
  123        1667981778.498385248    119   0.000210762
  124        1667981778.501618506      4   0.003233433
  125        1667981778.504848672      1   0.003230095
  126        1667981778.508181012      6   0.003332376
  127        1667981778.511343593      3   0.003162384
  128        1667981778.514574517      8   0.003231049
  129        1667981778.517804061      5   0.003229618
  130        1667981778.521034820     10   0.003230572
  131        1667981778.524264934      7   0.003230333
  132        1667981778.527494154     12   0.003229141
  133        1667981778.530723814      9   0.003229618
  134        1667981778.533914551     14   0.003190756
  135        1667981778.537101208     11   0.003186703
  136        1667981778.540270241     16   0.003169060
  137        1667981778.543501287     13   0.003231049
  138        1667981778.546693711     18   0.003192425
  139        1667981778.549898258     15   0.003204346
  140        1667981778.553251693     20   0.003353596
  141        1667981778.556462820     17   0.003211021
  142        1667981778.559666024     22   0.003203154
  143        1667981778.562849126     19   0.003183126
  144        1667981778.566053378     24   0.003204346
  145        1667981778.569283287     21   0.003229856
  146        1667981778.572492580     26   0.003209352
  147        1667981778.575721998     23   0.003229380
  148        1667981778.578951678     28   0.003229618
  149        1667981778.582166033     25   0.003214359
  150        1667981778.585398167     30   0.003232241
  151        1667981778.588629731     27   0.003231525
  152        1667981778.591813752     32   0.003184080
  153        1667981778.595021429     29   0.003207684
  154        1667981778.598250848     34   0.003229380
  155        1667981778.601479316     31   0.003228426
  156        1667981778.604709141     36   0.003229856
  157        1667981778.607937786     33   0.003228664
  158        1667981778.611167319     38   0.003229618
  159        1667981778.614395903     35   0.003228426
  160        1667981778.617624746     40   0.003228903
  161        1667981778.620853283     37   0.003228426
  162        1667981778.624082027     42   0.003228903
  163        1667981778.627311520     39   0.003229380
  164        1667981778.630539227     44   0.003227711
  165        1667981778.633770204     41   0.003231049
  166        1667981778.636996800     46   0.003226519
  167        1667981778.640225112     43   0.003228426
  168        1667981778.643453844     48   0.003228664
  169        1667981778.646683816     45   0.003230095
  170        1667981778.649885753     50   0.003201723
  171        1667981778.653116705     47   0.003231049
  172        1667981778.656311324     52   0.003194571
  173        1667981778.659539903     49   0.003228664
  174        1667981778.662769749     54   0.003229856
  175        1667981778.666000392     51   0.003230572
  176        1667981778.669228729     56   0.003228426
  177        1667981778.672458600     53   0.003229856
  178        1667981778.675687008     58   0.003228426
  179        1667981778.678915926     55   0.003228903
  180        1667981778.682111555     60   0.003195524
  181        1667981778.685341292     57   0.003229856
  182        1667981778.688571048     62   0.003229618
  183        1667981778.691797565     59   0.003226519
  184        1667981778.695026492     64   0.003228903
  185        1667981778.698223157     61   0.003196716
  186        1667981778.701403161     66   0.003180027
  187        1667981778.704635968     63   0.003232718
  188        1667981778.707865307     68   0.003229380
  189        1667981778.711024030     65   0.003158808
  190        1667981778.714233065     70   0.003209114
  191        1667981778.717460891     67   0.003227711
  192        1667981778.720690886     72   0.003230095
  193        1667981778.723920367     69   0.003229380
  194        1667981778.727149106     74   0.003228664
  195        1667981778.730328618     71   0.003179550
  196        1667981778.733532911     76   0.003204346
  197        1667981778.736730851     73   0.003197908
  198        1667981778.739936982     78   0.003206253
  199        1667981778.743122225     75   0.003185272
  200        1667981778.746304180     80   0.003181934
  201        1667981778.749491521     77   0.003187180
  202        1667981778.752720201     82   0.003228664
  203        1667981778.755948919     79   0.003228903
  204        1667981778.759177475     84   0.003228426
  205        1667981778.762388996     81   0.003211498
  206        1667981778.765600154     86   0.003211260
  207        1667981778.768779759     83   0.003179550
  208        1667981778.772012941     88   0.003233194
  209        1667981778.775244058     85   0.003231049
  210        1667981778.778444035     90   0.003200054
  211        1667981778.781676563     87   0.003232479
  212        1667981778.784908189     92   0.003231764
  213        1667981778.788140489     89   0.003232241
  214        1667981778.791369768     94   0.003229141
  215        1667981778.794599470     91   0.003229856
  216        1667981778.797828983     96   0.003229380
  217        1667981778.801058544     93   0.003229618
  218        1667981778.804289267     98   0.003230810
  219        1667981778.807481394     95   0.003191948
  220        1667981778.810710688    100   0.003229380
  221        1667981778.813898728     97   0.003188133
  222        1667981778.817093707    102   0.003194809
  223        1667981778.820281666     99   0.003188133
  224        1667981778.823479536    104   0.003197908
  225        1667981778.826697723    101   0.003218174
  226        1667981778.829877488    106   0.003179550
  227        1667981778.833109883    103   0.003232479
  228        1667981778.836292404    108   0.003182650
  229        1667981778.839507035    105   0.003214598
  230        1667981778.842736644    110   0.003229618
  231        1667981778.845962196    107   0.003225565
  232        1667981778.849155823    112   0.003193617
  233        1667981778.852386604    109   0.003230810
  234        1667981778.855600639    114   0.003213882
  235        1667981778.858833136    111   0.003232479
  236        1667981778.862063221    116   0.003230095
  237        1667981778.865281802    113   0.003218651
  238        1667981778.868471214    118   0.003189325
  239        1667981778.871637605    115   0.003166437
  240        1667981778.874866933      0   0.003229380
  241        1667981778.878095844    117   0.003228903
  242        1667981778.881309212      2   0.003213406
  243        1667981778.883463459     -1   0.002154112
