    0                0.90941                7.4738   ->  0.000103
    1               0.954798               4.18346   ->  0.000109
    2               0.801174               39.7896   ->  0.000015
    3               0.779867               14.0082   ->  0.000100
    4               0.927142               28.5316   ->  0.000016
    5               0.665998               86.4956   ->  0.000007
    6               0.716421               196.593   ->  0.000001
    7               0.731803               48.2944   ->  0.000015
    8               0.776003               10.9738   ->  0.000138
    9               0.722419               12.5426   ->  0.000157
   10               0.645723               28.2485   ->  0.000068
   11               0.690686               10.9423   ->  0.000221
   12               0.650819               28.4709   ->  0.000065
   13                0.73041               23.8022   ->  0.000057
   14               0.699382               74.2607   ->  0.000008
   15               0.752639               33.2228   ->  0.000027
   16               0.717131               15.0551   ->  0.000127
   17               0.658893               160.347   ->  0.000002
   18               0.532919               12.5973   ->  0.000528
   19               0.517191               50.5524   ->  0.000055
   20               0.562416               55.7073   ->  0.000032
   21               0.564258               39.4385   ->  0.000062
   22               0.569637               65.7002   ->  0.000022
   23               0.421226               24.9381   ->  0.000470
