    0               0.987103              0.628108   ->  0.000105
    1                0.98066               3.58592   ->  0.000101
    2               0.962489                13.879   ->  0.000044
    3               0.986162               0.41554   ->  0.000106
    4               0.987321               2.74982   ->  0.000102
    5               0.939133               4.75043   ->  0.000113
    6               0.960395               2.42849   ->  0.000115
    7               0.933994               4.67421   ->  0.000116
    8               0.954523               2.92123   ->  0.000116
    9               0.904947               7.20247   ->  0.000108
   10               0.904491               2.76756   ->  0.000145
