    0               0.991775              0.546353   ->  0.000103
    1               0.991803              0.485035   ->  0.000103
    2               0.987003               1.00236   ->  0.000105
    3               0.988287               1.25415   ->  0.000105
    4               0.987882               2.42051   ->  0.000103
    5               0.982719               1.06158   ->  0.000107
    6               0.945261               3.75051   ->  0.000116
    7               0.965572               4.82209   ->  0.000100
    8               0.952163               7.87704   ->  0.000083
    9               0.946963               4.40462   ->  0.000111
