    0             0.00353978              0.386442   ->  0.999998
    1              0.0033774              0.395582   ->  0.999999
    2              0.0478188               1.36407   ->  0.949053
    3              0.0222545              0.890726   ->  0.997553
    4            0.000540824               1.06617   ->  0.999956
    5               0.056235                1.0874   ->  0.909016
    6              0.0563266               1.08796   ->  0.908476
    7              0.0294306               1.37939   ->  0.991127
    8              0.0289588                1.4007   ->  0.991425
    9              0.0908756               4.11562   ->  0.541923
   10              0.0198527               1.08328   ->  0.998380
   11            0.000738933               0.75968   ->  1.000000
   12              0.0196749               1.13369   ->  0.998325
   13              0.0012454              0.745631   ->  1.000000
   14             0.00497785               0.87649   ->  0.999994
   15              0.0298786              0.652408   ->  0.992093
   16             0.00212861              0.870375   ->  1.000000
   17              0.0174628              0.908733   ->  0.999071
   18              0.0135725                1.1943   ->  0.999284
   19              0.0338128               1.84123   ->  0.980161
   20              0.0124312               1.06445   ->  0.999720
   21              0.0342902               1.77461   ->  0.980480
   22              0.0400523               1.46734   ->  0.972787
   23              0.0116402               1.09229   ->  0.999731
   24              0.0556253              0.922187   ->  0.912626
   25              0.0222404               1.14781   ->  0.997341
   26              0.0412216               1.50646   ->  0.969450
   27             0.00962927               1.08564   ->  0.999841
   28              0.0568228               0.95964   ->  0.905589
   29              0.0202456               1.14427   ->  0.998115
   30               0.042423               1.57166   ->  0.965471
   31              0.0729884               1.80373   ->  0.773937
   32              0.0215855              0.987184   ->  0.997834
   33              0.0575888                3.2279   ->  0.858307
   34              0.0595524               2.54922   ->  0.867457
   35              0.0359546               1.62908   ->  0.979686
   36              0.0541841               2.41834   ->  0.902489
   37              0.0416452               1.67578   ->  0.966386
   38              0.0363491               1.21794   ->  0.982376
   39              0.0535253               1.41261   ->  0.922575
   40              0.0554503               1.32041   ->  0.912689
   41              0.0572892               1.37916   ->  0.901460
   42              0.0359301               1.15899   ->  0.983358
   43              0.0535954               1.47912   ->  0.921662
   44              0.0550522               1.21214   ->  0.915461
   45              0.0574577               1.34561   ->  0.900644
   46              0.0902625               1.85211   ->  0.596705
   47              0.0754578               1.75141   ->  0.750932
   48              0.0922129               2.07384   ->  0.573751
   49              0.0742596               1.77419   ->  0.762246
   50              0.0885885               3.45344   ->  0.583715
   51              0.0390594                1.2784   ->  0.976497
   52              0.0907789               3.54229   ->  0.559399
   53              0.0380646               1.30621   ->  0.978521
   54               0.212458               110.091   ->  0.000390
   55               0.197219               149.384   ->  0.000280
   56               0.225362               109.711   ->  0.000313
   57               0.190055                153.61   ->  0.000304
   58               0.409598               37.6109   ->  0.000246
   59                0.28773               74.9324   ->  0.000258
   60               0.327001               57.9567   ->  0.000259
   61               0.335975               68.7295   ->  0.000166
   62               0.319192               58.9832   ->  0.000276
   63               0.337554               66.9836   ->  0.000172
   64               0.415639               37.1217   ->  0.000238
   65               0.287857               73.5734   ->  0.000267
   66               0.103626               1.50802   ->  0.463244
   67              0.0954074               1.98597   ->  0.541611
   68              0.0673066               2.10152   ->  0.819774
   69                0.10567               1.73799   ->  0.442662
   70                0.38278               25.7478   ->  0.000651
   71               0.449327               15.2509   ->  0.000807
   72               0.440412               13.1122   ->  0.001075
   73               0.423649               17.8539   ->  0.000806
   74               0.395118               25.2631   ->  0.000593
   75               0.438167                15.357   ->  0.000884
   76               0.449559               12.2625   ->  0.001077
   77               0.420261               17.8584   ->  0.000832
   78               0.485153               9.55537   ->  0.001040
   79               0.420724               10.2196   ->  0.001720
   80               0.710071               37.9919   ->  0.000027
   81               0.776712               45.4964   ->  0.000013
   82               0.484145               9.72269   ->  0.001032
   83               0.420789               10.2274   ->  0.001717
   84               0.436268               13.3218   ->  0.001093
   85               0.484295               8.63717   ->  0.001146
   86               0.715338               42.5136   ->  0.000021
   87               0.775468               43.1923   ->  0.000015
   88               0.440375               11.9282   ->  0.001209
   89               0.479198               8.75615   ->  0.001182
   90               0.769669               24.7322   ->  0.000043
   91                 0.7643               39.4755   ->  0.000019
   92               0.806324               13.5141   ->  0.000092
   93               0.820589               15.6411   ->  0.000070
   94               0.768212               20.1539   ->  0.000061
   95               0.762802               41.5228   ->  0.000017
   96               0.817811               17.7747   ->  0.000059
   97               0.818231               14.4828   ->  0.000079
   98               0.867458               7.82126   ->  0.000121
   99               0.776787               12.3149   ->  0.000120
  100               0.815954                4.3342   ->  0.000203
  101                0.83069               4.79952   ->  0.000183
  102               0.850784               8.92812   ->  0.000117
  103                0.78246               12.4307   ->  0.000116
  104               0.826058               5.20464   ->  0.000182
  105               0.827795               5.66163   ->  0.000175
  106               0.526327               183.997   ->  0.000004
  107               0.628107                22.249   ->  0.000116
  108                0.54874               26.7881   ->  0.000144
  109               0.500801               177.064   ->  0.000005
  110               0.882738               2.82327   ->  0.000159
  111               0.822418               34.3869   ->  0.000018
  112               0.867266               6.75136   ->  0.000133
  113                0.87175                7.8383   ->  0.000118
  114                0.88592               2.34125   ->  0.000159
  115               0.824927               33.5817   ->  0.000019
  116                0.86261               7.78015   ->  0.000124
  117               0.872155               6.47946   ->  0.000133
  118               0.653209                101.86   ->  0.000005
  119               0.924325               13.9155   ->  0.000051
  120               0.666984               90.8513   ->  0.000006
  121               0.923966               14.5532   ->  0.000048
  122                0.80728               64.3322   ->  0.000006
  123               0.860189               7.31213   ->  0.000131
  124               0.810166               64.1518   ->  0.000006
  125                0.84655               13.8359   ->  0.000074
  126               0.827552               53.6985   ->  0.000007
  127               0.843145               14.1705   ->  0.000072
  128               0.821613               56.3912   ->  0.000007
  129               0.855533                7.3698   ->  0.000133
  130               0.858494               19.0705   ->  0.000043
  131               0.897458               2.73258   ->  0.000150
  132               0.863719               15.6609   ->  0.000057
  133               0.903889               3.54563   ->  0.000141
  134               0.860348               15.7201   ->  0.000058
  135                0.89877               2.92342   ->  0.000148
  136               0.864754               16.6112   ->  0.000052
  137               0.903922               3.31095   ->  0.000142
  138               0.877762               20.1897   ->  0.000036
  139               0.894262               8.18479   ->  0.000103
  140               0.917452               5.73531   ->  0.000115
  141               0.847481               16.2233   ->  0.000058
  142               0.918923               5.28896   ->  0.000118
  143               0.846768               17.0523   ->  0.000054
  144               0.879904                20.635   ->  0.000034
  145               0.894249               7.66865   ->  0.000108
  146               0.880432               9.84179   ->  0.000093
  147               0.902553               1.43942   ->  0.000150
  148               0.889629               1.78187   ->  0.000159
  149                0.91079               2.06916   ->  0.000144
  150               0.881501               9.71169   ->  0.000094
  151               0.901142               1.18032   ->  0.000152
  152               0.894114               1.97639   ->  0.000155
  153               0.908395               2.28786   ->  0.000144
  154               0.882826               34.8706   ->  0.000013
  155                0.95199               2.00248   ->  0.000121
  156               0.807206               21.5258   ->  0.000045
  157               0.967433               6.24692   ->  0.000090
  158               0.914189               14.0597   ->  0.000053
  159               0.910195               4.99755   ->  0.000126
  160               0.891336               3.95377   ->  0.000146
  161               0.906219               10.9494   ->  0.000075
  162               0.889692               5.10407   ->  0.000137
  163               0.907782               11.1609   ->  0.000072
  164               0.914143               13.3726   ->  0.000057
  165               0.908429               5.69704   ->  0.000120
  166               0.940848               6.06084   ->  0.000102
  167               0.902797               17.2583   ->  0.000041
  168               0.948298               4.51384   ->  0.000110
  169               0.934476               6.96831   ->  0.000097
  170               0.940612               6.83451   ->  0.000095
  171               0.901138               17.9608   ->  0.000039
  172               0.947825               4.81793   ->  0.000108
  173               0.937484               5.44039   ->  0.000108
  174               0.944368               1.07358   ->  0.000126
  175                0.96722               2.58022   ->  0.000111
  176               0.925314               6.99328   ->  0.000100
  177               0.926492               20.0237   ->  0.000029
