    0        239.929        239.929      0     1.00000000  0.89999998
    1        239.046        239.929      1     0.99632293  0.89999998
    2         237.95        239.929      2     0.99175239  0.89999998
    3        237.473        239.929      3     0.98976630  0.89999998
    4        236.972        239.929      4     0.98767847  0.89999998
    5        236.682        239.929      5     0.98646677  0.89999998
    6        236.511        239.929      6     0.98575568  0.89999998
    7        236.271        239.929      7     0.98475766  0.89999998
    8        235.738        239.929      8     0.98253220  0.89999998
    9        234.981        239.929      9     0.97937787  0.89999998
   10        234.608        239.929     10     0.97782242  0.89999998
   11        234.292        239.929     11     0.97650898  0.89999998
   12        234.208        239.929     12     0.97615880  0.89999998
   13        233.479        239.929     13     0.97311705  0.89999998
   14        232.146        239.929     14     0.96756345  0.89999998
   15        231.605        239.929     15     0.96530890  0.89999998
   16        231.061        239.929     16     0.96304148  0.89999998
   17        230.026        239.929     17     0.95872730  0.89999998
   18         229.03        239.929     18     0.95457554  0.89999998
   19        228.918        239.929     19     0.95410949  0.89999998
   20        227.839        239.929     20     0.94960988  0.89999998
   21        227.384        239.929     21     0.94771582  0.89999998
   22        224.359        239.929     22     0.93510824  0.89999998
   23        219.111        239.929     23     0.91323531  0.89999998
   24        213.991        239.929     24     0.89189374  0.89999998
