    0      0.0886538      0.0886538      0     1.00000000  0.89999998
    1      0.0832484      0.0886538      1     0.93902761  0.89999998
    2       0.079682      0.0886538      2     0.89879948  0.89999998
    3      0.0786674      0.0886538      2     0.88735533  0.89999998
    4      0.0765258      0.0886538      2     0.86319780  0.89999998
    5      0.0743536      0.0886538      2     0.83869612  0.89999998
    6      0.0719373      0.0886538      2     0.81144112  0.89999998
    7      0.0696062      0.0886538      2     0.78514594  0.89999998
    8      0.0671784      0.0886538      2     0.75776142  0.89999998
    9      0.0633598      0.0886538      2     0.71468806  0.89999998
   10      0.0612449      0.0886538      2     0.69083184  0.89999998
   11      0.0585101      0.0886538      2     0.65998369  0.89999998
   12      0.0565759      0.0886538      2     0.63816637  0.89999998
   13       0.053326      0.0886538      2     0.60150844  0.89999998
   14      0.0526922      0.0886538      2     0.59435976  0.89999998
   15      0.0500662      0.0886538      2     0.56473845  0.89999998
   16      0.0465532      0.0886538      2     0.52511215  0.89999998
   17      0.0452106      0.0886538      2     0.50996852  0.89999998
   18      0.0423558      0.0886538      2     0.47776690  0.89999998
   19      0.0395033      0.0886538      2     0.44559032  0.89999998
   20      0.0373114      0.0886538      2     0.42086688  0.89999998
   21      0.0333335      0.0886538      2     0.37599638  0.89999998
   22      0.0307047      0.0886538      2     0.34634432  0.89999998
   23      0.0243145      0.0886538      2     0.27426389  0.89999998
