    0        239.662        239.662      0     1.00000000  0.89999998
    1        238.576        239.662      1     0.99547178  0.89999998
    2        238.043        239.662      2     0.99324524  0.89999998
    3        237.566        239.662      3     0.99125618  0.89999998
    4        236.791        239.662      4     0.98802143  0.89999998
    5         233.53        239.662      5     0.97441393  0.89999998
    6        231.953        239.662      6     0.96783489  0.89999998
    7        229.125        239.662      7     0.95603710  0.89999998
    8         225.65        239.662      8     0.94153601  0.89999998
    9        222.884        239.662      9     0.92999363  0.89999998
   10        220.793        239.662     10     0.92126822  0.89999998
