    0      0.0273281      0.0273281      0     1.00000000  0.89999998
    1      0.0253422      0.0273281      1     0.92732877  0.89999998
    2      0.0197485      0.0273281      2     0.72264296  0.89999998
    3      0.0189199      0.0273281      2     0.69232410  0.89999998
    4      0.0176838      0.0273281      2     0.64709097  0.89999998
    5      0.0163246      0.0273281      2     0.59735662  0.89999998
    6      0.0143182      0.0273281      2     0.52393514  0.89999998
    7      0.0136731      0.0273281      2     0.50033063  0.89999998
    8      0.0118288      0.0273281      2     0.43284440  0.89999998
    9      0.0105321      0.0273281      2     0.38539428  0.89999998
