    0      0.0352764      0.0352764      0     1.00000000  0.89999998
    1      0.0313165      0.0352764      1     0.88774484  0.89999998
    2      0.0296644      0.0352764      1     0.84091204  0.89999998
    3      0.0285156      0.0352764      1     0.80834651  0.89999998
    4      0.0274914      0.0352764      1     0.77931380  0.89999998
    5      0.0268222      0.0352764      1     0.76034302  0.89999998
    6      0.0233303      0.0352764      1     0.66135579  0.89999998
    7       0.020554      0.0352764      1     0.58265418  0.89999998
    8      0.0191323      0.0352764      1     0.54235423  0.89999998
    9      0.0179866      0.0352764      1     0.50987554  0.89999998
   10       0.015701      0.0352764      1     0.44508421  0.89999998
