    0        486.055        486.055      0     1.00000000  0.89999998
    1        484.832        486.055      1     0.99748319  0.89999998
    2        474.797        486.055      2     0.97683835  0.89999998
    3        472.932        486.055      3     0.97300136  0.89999998
    4        468.698        486.055      4     0.96429074  0.89999998
    5        458.891        486.055      5     0.94411439  0.89999998
    6        454.377        486.055      6     0.93482631  0.89999998
    7        453.094        486.055      7     0.93218619  0.89999998
    8        440.448        486.055      8     0.90616876  0.89999998
    9        439.456        486.055      9     0.90412825  0.89999998
   10        142.263        486.055     10     0.29268932  0.89999998
   11        59.1787        486.055     10     0.12175316  0.89999998
   12        25.1992        486.055     10     0.05184432  0.89999998
   13        5.17388        486.055     10     0.01064463  0.89999998
