     0   0    1 0          0       0        0    0    259  259     260   2   1
     1   0    0 0          0       0        0    0    259  259     260   2   1
     2   0    1 1          1      -2        0    1    259    2     260   2   1
     3   0    0 0          2      -1        0    1    259    2     260   2   1
     4   0    0 0          0       0        1    1      2    2     260   2   1
     5   0    1 1          1      -2        1    2      2    1     260   2   1
     6   0    0 0          2      -1        1    2      2    1     260   2   1
     7   0    0 0          0       0        2    2      1    1     260   2   1
     8   0    1 1          1      -2        2    3      1    4     260   2   1
     9   0    0 0          2      -1        2    3      1    4     260   2   1
    10   0    0 0          0       0        3    3      4    4     260   2   1
    11   0    1 1          1      -2        3    4      4    3     260   2   1
    12   0    0 0          2      -1        3    4      4    3     260   2   1
    13   0    0 0          0       0        4    4      3    3     260   2   1
    14   0    1 1          1      -2        4    5      3    6     260   2   1
    15   0    0 0          2      -1        4    5      3    6     260   2   1
    16   0    0 0          0       0        5    5      6    6     260   2   1
    17   0    1 1          1      -2        5    6      6    5     260   2   1
    18   0    0 0          2      -1        5    6      6    5     260   2   1
    19   0    0 0          0       0        6    6      5    5     260   2   1
    20   0    1 1          1      -2        6    7      5    8     260   2   1
    21   0    0 0          2      -1        6    7      5    8     260   2   1
    22   0    0 0          0       0        7    7      8    8     260   2   1
    23   0    1 1          1      -2        7    8      8    7     260   2   1
    24   0    0 0          2      -1        7    8      8    7     260   2   1
    25   0    0 0          0       0        8    8      7    7     260   2   1
    26   0    1 1          1      -2        8    9      7   10     260   2   1
    27   0    0 0          2      -1        8    9      7   10     260   2   1
    28   0    0 0          0       0        9    9     10   10     260   2   1
    29   0    1 1          1      -2        9   10     10    9     260   2   1
    30   0    0 0          2      -1        9   10     10    9     260   2   1
    31   0    0 0          0       0       10   10      9    9     260   2   1
    32   0    1 1          1      -2       10   11      9   12     260   2   1
    33   0    0 0          2      -1       10   11      9   12     260   2   1
    34   0    0 0          0       0       11   11     12   12     260   2   1
    35   0    1 1          1      -2       11   12     12   11     260   2   1
    36   0    0 0          2      -1       11   12     12   11     260   2   1
    37   0    0 0          0       0       12   12     11   11     260   2   1
    38   0    1 1          1      -2       12   13     11   14     260   2   1
    39   0    0 0          2      -1       12   13     11   14     260   2   1
    40   0    0 0          0       0       13   13     14   14     260   2   1
    41   0    1 1          1      -2       13   14     14   13     260   2   1
    42   0    0 0          2      -1       13   14     14   13     260   2   1
    43   0    0 0          0       0       14   14     13   13     260   2   1
    44   0    1 1          1      -2       14   15     13   16     260   2   1
    45   0    0 0          2      -1       14   15     13   16     260   2   1
    46   0    0 0          0       0       15   15     16   16     260   2   1
    47   0    1 1          1      -2       15   16     16   15     260   2   1
    48   0    0 0          2      -1       15   16     16   15     260   2   1
    49   0    0 0          0       0       16   16     15   15     260   2   1
    50   0    1 1          1      -2       16   17     15   18     260   2   1
    51   0    0 0          2      -1       16   17     15   18     260   2   1
    52   0    0 0          0       0       17   17     18   18     260   2   1
    53   0    1 1          1      -2       17   18     18   17     260   2   1
    54   0    0 0          2      -1       17   18     18   17     260   2   1
    55   0    0 0          0       0       18   18     17   17     260   2   1
    56   0    1 1          1      -2       18   19     17   20     260   2   1
    57   0    0 0          2      -1       18   19     17   20     260   2   1
    58   0    0 0          0       0       19   19     20   20     260   2   1
    59   0    1 1          1      -2       19   20     20   19     260   2   1
    60   0    0 0          2      -1       19   20     20   19     260   2   1
    61   0    0 0          0       0       20   20     19   19     260   2   1
    62   0    1 1          1      -2       20   21     19   22     260   2   1
    63   0    0 0          2      -1       20   21     19   22     260   2   1
    64   0    0 0          0       0       21   21     22   22     260   2   1
    65   0    1 1          1      -2       21   22     22   21     260   2   1
    66   0    0 0          2      -1       21   22     22   21     260   2   1
    67   0    0 0          0       0       22   22     21   21     260   2   1
    68   0    1 1          1      -2       22   23     21   24     260   2   1
    69   0    0 0          2      -1       22   23     21   24     260   2   1
    70   0    0 0          0       0       23   23     24   24     260   2   1
    71   0    1 1          1      -2       23   24     24   23     260   2   1
    72   0    0 0          2      -1       23   24     24   23     260   2   1
    73   0    0 0          0       0       24   24     23   23     260   2   1
    74   0    1 1          1      -2       24   25     23   26     260   2   1
    75   0    0 0          2      -1       24   25     23   26     260   2   1
    76   0    0 0          0       0       25   25     26   26     260   2   1
    77   0    1 1          1      -2       25   26     26   25     260   2   1
    78   0    0 0          2      -1       25   26     26   25     260   2   1
    79   0    0 0          0       0       26   26     25   25     260   2   1
    80   0    1 1          1      -2       26   27     25   28     260   2   1
    81   0    0 0          2      -1       26   27     25   28     260   2   1
    82   0    0 0          0       0       27   27     28   28     260   2   1
    83   0    1 1          1      -2       27   28     28   27     260   2   1
    84   0    0 0          2      -1       27   28     28   27     260   2   1
    85   0    0 0          0       0       28   28     27   27     260   2   1
    86   0    1 1          1      -2       28   29     27   30     260   2   1
    87   0    0 0          2      -1       28   29     27   30     260   2   1
    88   0    0 0          0       0       29   29     30   30     260   2   1
    89   0    1 1          1      -2       29   30     30   29     260   2   1
    90   0    0 0          2      -1       29   30     30   29     260   2   1
    91   0    0 0          0       0       30   30     29   29     260   2   1
    92   0    1 1          1      -2       30   31     29   32     260   2   1
    93   0    0 0          2      -1       30   31     29   32     260   2   1
    94   0    0 0          0       0       31   31     32   32     260   2   1
    95   0    1 1          1      -2       31   32     32   31     260   2   1
    96   0    0 0          2      -1       31   32     32   31     260   2   1
    97   0    0 0          0       0       32   32     31   31     260   2   1
    98   0    1 1          1      -2       32   33     31   34     260   2   1
    99   0    0 0          2      -1       32   33     31   34     260   2   1
   100   0    0 0          0       0       33   33     34   34     260   2   1
   101   0    1 1          1      -2       33   34     34   33     260   2   1
   102   0    0 0          2      -1       33   34     34   33     260   2   1
   103   0    0 0          0       0       34   34     33   33     260   2   1
   104   0    1 1          1      -2       34   35     33   36     260   2   1
   105   0    0 0          2      -1       34   35     33   36     260   2   1
   106   0    0 0          0       0       35   35     36   36     260   2   1
   107   0    1 1          1      -2       35   36     36   35     260   2   1
   108   0    0 0          2      -1       35   36     36   35     260   2   1
   109   0    0 0          0       0       36   36     35   35     260   2   1
   110   0    1 1          1      -2       36   37     35   38     260   2   1
   111   0    0 0          2      -1       36   37     35   38     260   2   1
   112   0    0 0          0       0       37   37     38   38     260   2   1
   113   0    1 1          1      -2       37   38     38   37     260   2   1
   114   0    0 0          2      -1       37   38     38   37     260   2   1
   115   0    0 0          0       0       38   38     37   37     260   2   1
   116   0    1 1          1      -2       38   39     37   40     260   2   1
   117   0    0 0          2      -1       38   39     37   40     260   2   1
   118   0    0 0          0       0       39   39     40   40     260   2   1
   119   0    1 1          1      -2       39   40     40   39     260   2   1
   120   0    0 0          2      -1       39   40     40   39     260   2   1
   121   0    0 0          0       0       40   40     39   39     260   2   1
   122   0    1 1          1      -2       40   41     39   42     260   2   1
   123   0    0 0          2      -1       40   41     39   42     260   2   1
   124   0    0 0          0       0       41   41     42   42     260   2   1
   125   0    1 1          1      -2       41   42     42   41     260   2   1
   126   0    0 0          2      -1       41   42     42   41     260   2   1
   127   0    0 0          0       0       42   42     41   41     260   2   1
   128   0    1 1          1      -2       42   43     41   44     260   2   1
   129   0    0 0          2      -1       42   43     41   44     260   2   1
   130   0    0 0          0       0       43   43     44   44     260   2   1
   131   0    1 1          1      -2       43   44     44   43     260   2   1
   132   0    0 0          2      -1       43   44     44   43     260   2   1
   133   0    0 0          0       0       44   44     43   43     260   2   1
   134   0    1 1          1      -2       44   45     43   46     260   2   1
   135   0    0 0          2      -1       44   45     43   46     260   2   1
   136   0    0 0          0       0       45   45     46   46     260   2   1
   137   0    1 1          1      -2       45   46     46   45     260   2   1
   138   0    0 0          2      -1       45   46     46   45     260   2   1
   139   0    0 0          0       0       46   46     45   45     260   2   1
   140   0    1 1          1      -2       46   47     45   48     260   2   1
   141   0    0 0          2      -1       46   47     45   48     260   2   1
   142   0    0 0          0       0       47   47     48   48     260   2   1
   143   0    1 1          1      -2       47   48     48   47     260   2   1
   144   0    0 0          2      -1       47   48     48   47     260   2   1
   145   0    0 0          0       0       48   48     47   47     260   2   1
   146   0    1 1          1      -2       48   49     47   50     260   2   1
   147   0    0 0          2      -1       48   49     47   50     260   2   1
   148   0    0 0          0       0       49   49     50   50     260   2   1
   149   0    1 1          1      -2       49   50     50   49     260   2   1
   150   0    0 0          2      -1       49   50     50   49     260   2   1
   151   0    0 0          0       0       50   50     49   49     260   2   1
   152   0    1 1          1      -2       50   51     49   52     260   2   1
   153   0    0 0          2      -1       50   51     49   52     260   2   1
   154   0    0 0          0       0       51   51     52   52     260   2   1
   155   0    1 1          1      -2       51   52     52   51     260   2   1
   156   0    0 0          2      -1       51   52     52   51     260   2   1
   157   0    0 0          0       0       52   52     51   51     260   2   1
   158   0    1 1          1      -2       52   53     51   54     260   2   1
   159   0    0 0          2      -1       52   53     51   54     260   2   1
   160   0    0 0          0       0       53   53     54   54     260   2   1
   161   0    1 1          1      -2       53   54     54   53     260   2   1
   162   0    0 0          2      -1       53   54     54   53     260   2   1
   163   0    0 0          0       0       54   54     53   53     260   2   1
   164   0    1 1          1      -2       54   55     53   56     260   2   1
   165   0    0 0          2      -1       54   55     53   56     260   2   1
   166   0    0 0          0       0       55   55     56   56     260   2   1
   167   0    1 1          1      -2       55   56     56   55     260   2   1
   168   0    0 0          2      -1       55   56     56   55     260   2   1
   169   0    0 0          0       0       56   56     55   55     260   2   1
   170   0    1 1          1      -2       56   57     55   58     260   2   1
   171   0    0 0          2      -1       56   57     55   58     260   2   1
   172   0    0 0          0       0       57   57     58   58     260   2   1
   173   0    1 1          1      -2       57   58     58   57     260   2   1
   174   0    0 0          2      -1       57   58     58   57     260   2   1
   175   0    0 0          0       0       58   58     57   57     260   2   1
   176   0    1 1          1      -2       58   59     57   60     260   2   1
   177   0    0 0          2      -1       58   59     57   60     260   2   1
   178   0    0 0          0       0       59   59     60   60     260   2   1
   179   0    1 1          1      -2       59   60     60   59     260   2   1
   180   0    0 0          2      -1       59   60     60   59     260   2   1
   181   0    0 0          0       0       60   60     59   59     260   2   1
   182   0    1 1          1      -2       60   61     59   62     260   2   1
   183   0    0 0          2      -1       60   61     59   62     260   2   1
   184   0    0 0          0       0       61   61     62   62     260   2   1
   185   0    1 1          1      -2       61   62     62   61     260   2   1
   186   0    0 0          2      -1       61   62     62   61     260   2   1
   187   0    0 0          0       0       62   62     61   61     260   2   1
   188   0    1 1          1      -2       62   63     61   64     260   2   1
   189   0    0 0          2      -1       62   63     61   64     260   2   1
   190   0    0 0          0       0       63   63     64   64     260   2   1
   191   0    1 1          1      -2       63   64     64   63     260   2   1
   192   0    0 0          2      -1       63   64     64   63     260   2   1
   193   0    0 0          0       0       64   64     63   63     260   2   1
   194   0    1 1          1      -2       64   65     63   66     260   2   1
   195   0    0 0          2      -1       64   65     63   66     260   2   1
   196   0    0 0          0       0       65   65     66   66     260   2   1
   197   0    1 1          1      -2       65   66     66   65     260   2   1
   198   0    0 0          2      -1       65   66     66   65     260   2   1
   199   0    0 0          0       0       66   66     65   65     260   2   1
   200   0    1 1          1      -2       66   67     65   68     260   2   1
   201   0    0 0          2      -1       66   67     65   68     260   2   1
   202   0    0 0          0       0       67   67     68   68     260   2   1
   203   0    1 1          1      -2       67   68     68   67     260   2   1
   204   0    0 0          2      -1       67   68     68   67     260   2   1
   205   0    0 0          0       0       68   68     67   67     260   2   1
   206   0    1 1          1      -2       68   69     67   70     260   2   1
   207   0    0 0          2      -1       68   69     67   70     260   2   1
   208   0    0 0          0       0       69   69     70   70     260   2   1
   209   0    1 1          1      -2       69   70     70   69     260   2   1
   210   0    0 0          2      -1       69   70     70   69     260   2   1
   211   0    0 0          0       0       70   70     69   69     260   2   1
   212   0    1 1          1      -2       70   71     69   72     260   2   1
   213   0    0 0          2      -1       70   71     69   72     260   2   1
   214   0    0 0          0       0       71   71     72   72     260   2   1
   215   0    1 1          1      -2       71   72     72   71     260   2   1
   216   0    0 0          2      -1       71   72     72   71     260   2   1
   217   0    0 0          0       0       72   72     71   71     260   2   1
   218   0    1 1          1      -2       72   73     71   74     260   2   1
   219   0    0 0          2      -1       72   73     71   74     260   2   1
   220   0    0 0          0       0       73   73     74   74     260   2   1
   221   0    1 1          1      -2       73   74     74   73     260   2   1
   222   0    0 0          2      -1       73   74     74   73     260   2   1
   223   0    0 0          0       0       74   74     73   73     260   2   1
   224   0    1 1          1      -2       74   75     73   76     260   2   1
   225   0    0 0          2      -1       74   75     73   76     260   2   1
   226   0    0 0          0       0       75   75     76   76     260   2   1
   227   0    1 1          1      -2       75   76     76   75     260   2   1
   228   0    0 0          2      -1       75   76     76   75     260   2   1
   229   0    0 0          0       0       76   76     75   75     260   2   1
   230   0    1 1          1      -2       76   77     75   78     260   2   1
   231   0    0 0          2      -1       76   77     75   78     260   2   1
   232   0    0 0          0       0       77   77     78   78     260   2   1
   233   0    1 1          1      -2       77   78     78   77     260   2   1
   234   0    0 0          2      -1       77   78     78   77     260   2   1
   235   0    0 0          0       0       78   78     77   77     260   2   1
   236   0    1 1          1      -2       78   79     77   80     260   2   1
   237   0    0 0          2      -1       78   79     77   80     260   2   1
   238   0    0 0          0       0       79   79     80   80     260   2   1
   239   0    1 1          1      -2       79   80     80   79     260   2   1
   240   0    0 0          2      -1       79   80     80   79     260   2   1
   241   0    0 0          0       0       80   80     79   79     260   2   1
   242   0    1 1          1      -2       80   81     79   82     260   2   1
   243   0    0 0          2      -1       80   81     79   82     260   2   1
   244   0    0 0          0       0       81   81     82   82     260   2   1
   245   0    1 1          1      -2       81   82     82   81     260   2   1
   246   0    0 0          2      -1       81   82     82   81     260   2   1
   247   0    0 0          0       0       82   82     81   81     260   2   1
   248   0    1 1          1      -2       82   83     81   84     260   2   1
   249   0    0 0          2      -1       82   83     81   84     260   2   1
   250   0    0 0          0       0       83   83     84   84     260   2   1
   251   0    1 1          1      -2       83   84     84   83     260   2   1
   252   0    0 0          2      -1       83   84     84   83     260   2   1
   253   0    0 0          0       0       84   84     83   83     260   2   1
   254   0    1 1          1      -2       84   85     83   86     260   2   1
   255   0    0 0          2      -1       84   85     83   86     260   2   1
   256   0    0 0          0       0       85   85     86   86     260   2   1
   257   0    1 1          1      -2       85   86     86   85     260   2   1
   258   0    0 0          2      -1       85   86     86   85     260   2   1
   259   0    0 0          0       0       86   86     85   85     260   2   1
   260   0    1 1          1      -2       86   87     85   88     260   2   1
   261   0    0 0          2      -1       86   87     85   88     260   2   1
   262   0    0 0          0       0       87   87     88   88     260   2   1
   263   0    1 1          1      -2       87   88     88   87     260   2   1
   264   0    0 0          2      -1       87   88     88   87     260   2   1
   265   0    0 0          0       0       88   88     87   87     260   2   1
   266   0    1 1          1      -2       88   89     87   90     260   2   1
   267   0    0 0          2      -1       88   89     87   90     260   2   1
   268   0    0 0          0       0       89   89     90   90     260   2   1
   269   0    1 1          1      -2       89   90     90   89     260   2   1
   270   0    0 0          2      -1       89   90     90   89     260   2   1
   271   0    0 0          0       0       90   90     89   89     260   2   1
   272   0    1 1          1      -2       90   91     89   92     260   2   1
   273   0    0 0          2      -1       90   91     89   92     260   2   1
   274   0    0 0          0       0       91   91     92   92     260   2   1
   275   0    1 1          1      -2       91   92     92   91     260   2   1
   276   0    0 0          2      -1       91   92     92   91     260   2   1
   277   0    0 0          0       0       92   92     91   91     260   2   1
   278   0    1 1          1      -2       92   93     91   94     260   2   1
   279   0    0 0          2      -1       92   93     91   94     260   2   1
   280   0    0 0          0       0       93   93     94   94     260   2   1
   281   0    1 1          1      -2       93   94     94   93     260   2   1
   282   0    0 0          2      -1       93   94     94   93     260   2   1
   283   0    0 0          0       0       94   94     93   93     260   2   1
   284   0    1 1          1      -2       94   95     93   96     260   2   1
   285   0    0 0          2      -1       94   95     93   96     260   2   1
   286   0    0 0          0       0       95   95     96   96     260   2   1
   287   0    1 1          1      -2       95   96     96   95     260   2   1
   288   0    0 0          2      -1       95   96     96   95     260   2   1
   289   0    0 0          0       0       96   96     95   95     260   2   1
   290   0    1 1          1      -2       96   97     95   98     260   2   1
   291   0    0 0          2      -1       96   97     95   98     260   2   1
   292   0    0 0          0       0       97   97     98   98     260   2   1
   293   0    1 1          1      -2       97   98     98   97     260   2   1
   294   0    0 0          2      -1       97   98     98   97     260   2   1
   295   0    0 0          0       0       98   98     97   97     260   2   1
   296   0    1 1          1      -2       98   99     97  100     260   2   1
   297   0    0 0          2      -1       98   99     97  100     260   2   1
   298   0    0 0          0       0       99   99    100  100     260   2   1
   299   0    1 1          1      -2       99  100    100   99     260   2   1
   300   0    0 0          2      -1       99  100    100   99     260   2   1
   301   0    0 0          0       0      100  100     99   99     260   2   1
   302   0    1 1          1      -2      100  101     99  102     260   2   1
   303   0    0 0          2      -1      100  101     99  102     260   2   1
   304   0    0 0          0       0      101  101    102  102     260   2   1
   305   0    1 1          1      -2      101  102    102  101     260   2   1
   306   0    0 0          2      -1      101  102    102  101     260   2   1
   307   0    0 0          0       0      102  102    101  101     260   2   1
   308   0    1 1          1      -2      102  103    101  104     260   2   1
   309   0    0 0          2      -1      102  103    101  104     260   2   1
   310   0    0 0          0       0      103  103    104  104     260   2   1
   311   0    1 1          1      -2      103  104    104  103     260   2   1
   312   0    0 0          2      -1      103  104    104  103     260   2   1
   313   0    0 0          0       0      104  104    103  103     260   2   1
   314   0    1 1          1      -2      104  105    103  106     260   2   1
   315   0    0 0          2      -1      104  105    103  106     260   2   1
   316   0    0 0          0       0      105  105    106  106     260   2   1
   317   0    1 1          1      -2      105  106    106  105     260   2   1
   318   0    0 0          2      -1      105  106    106  105     260   2   1
   319   0    0 0          0       0      106  106    105  105     260   2   1
   320   0    1 1          1      -2      106  107    105  108     260   2   1
   321   0    0 0          2      -1      106  107    105  108     260   2   1
   322   0    0 0          0       0      107  107    108  108     260   2   1
   323   0    1 1          1      -2      107  108    108  107     260   2   1
   324   0    0 0          2      -1      107  108    108  107     260   2   1
   325   0    0 0          0       0      108  108    107  107     260   2   1
   326   0    1 1          1      -2      108  109    107  110     260   2   1
   327   0    0 0          2      -1      108  109    107  110     260   2   1
   328   0    0 0          0       0      109  109    110  110     260   2   1
   329   0    1 1          1      -2      109  110    110  109     260   2   1
   330   0    0 0          2      -1      109  110    110  109     260   2   1
   331   0    0 0          0       0      110  110    109  109     260   2   1
   332   0    1 1          1      -2      110  111    109  112     260   2   1
   333   0    0 0          2      -1      110  111    109  112     260   2   1
   334   0    0 0          0       0      111  111    112  112     260   2   1
   335   0    1 1          1      -2      111  112    112  111     260   2   1
   336   0    0 0          2      -1      111  112    112  111     260   2   1
   337   0    0 0          0       0      112  112    111  111     260   2   1
   338   0    1 1          1      -2      112  113    111  114     260   2   1
   339   0    0 0          2      -1      112  113    111  114     260   2   1
   340   0    0 0          0       0      113  113    114  114     260   2   1
   341   0    1 1          1      -2      113  114    114  113     260   2   1
   342   0    0 0          2      -1      113  114    114  113     260   2   1
   343   0    0 0          0       0      114  114    113  113     260   2   1
   344   0    1 1          1      -2      114  115    113  116     260   2   1
   345   0    0 0          2      -1      114  115    113  116     260   2   1
   346   0    0 0          0       0      115  115    116  116     260   2   1
   347   0    1 1          1      -2      115  116    116  115     260   2   1
   348   0    0 0          2      -1      115  116    116  115     260   2   1
   349   0    0 0          0       0      116  116    115  115     260   2   1
   350   0    1 1          1      -2      116  117    115  118     260   2   1
   351   0    0 0          2      -1      116  117    115  118     260   2   1
   352   0    0 0          0       0      117  117    118  118     260   2   1
   353   0    1 1          1      -2      117  118    118  117     260   2   1
   354   0    0 0          2      -1      117  118    118  117     260   2   1
   355   0    0 0          0       0      118  118    117  117     260   2   1
   356   0    1 1          1      -2      118  119    117  120     260   2   1
   357   0    0 0          2      -1      118  119    117  120     260   2   1
   358   0    0 0          0       0      119  119    120  120     260   2   1
   359   0    1 1          1      -2      119  120    120  119     260   2   1
   360   0    0 0          2      -1      119  120    120  119     260   2   1
   361   0    0 0          0       0      120  120    119  119     260   2   1
   362   0    1 1          1      -2      120  121    119  122     260   2   1
   363   0    0 0          2      -1      120  121    119  122     260   2   1
   364   0    0 0          0       0      121  121    122  122     260   2   1
   365   0    1 1          1      -2      121  122    122  121     260   2   1
   366   0    0 0          2      -1      121  122    122  121     260   2   1
   367   0    0 0          0       0      122  122    121  121     260   2   1
   368   0    1 1          1      -2      122  123    121  124     260   2   1
   369   0    0 0          2      -1      122  123    121  124     260   2   1
   370   0    0 0          0       0      123  123    124  124     260   2   1
   371   0    1 1          1      -2      123  124    124  123     260   2   1
   372   0    0 0          2      -1      123  124    124  123     260   2   1
   373   0    0 0          0       0      124  124    123  123     260   2   1
   374   0    1 1          1      -2      124  125    123  126     260   2   1
   375   0    0 0          2      -1      124  125    123  126     260   2   1
   376   0    0 0          0       0      125  125    126  126     260   2   1
   377   0    1 1          1      -2      125  126    126  125     260   2   1
   378   0    0 0          2      -1      125  126    126  125     260   2   1
   379   0    0 0          0       0      126  126    125  125     260   2   1
   380   0    1 1          1      -2      126  127    125  128     260   2   1
   381   0    0 0          2      -1      126  127    125  128     260   2   1
   382   0    0 0          0       0      127  127    128  128     260   2   1
   383   0    1 1          1      -2      127  128    128  127     260   2   1
   384   0    0 0          2      -1      127  128    128  127     260   2   1
   385   0    0 0          0       0      128  128    127  127     260   2   1
   386   0    1 1          1      -2      128  129    127  130     260   2   1
   387   0    0 0          2      -1      128  129    127  130     260   2   1
   388   0    0 0          0       0      129  129    130  130     260   2   1
   389   0    1 1          1      -2      129  130    130  129     260   2   1
   390   0    0 0          2      -1      129  130    130  129     260   2   1
   391   0    0 0          0       0      130  130    129  129     260   2   1
   392   0    1 1          1      -2      130  131    129  132     260   2   1
   393   0    0 0          2      -1      130  131    129  132     260   2   1
   394   0    0 0          0       0      131  131    132  132     260   2   1
   395   0    1 1          1      -2      131  132    132  131     260   2   1
   396   0    0 0          2      -1      131  132    132  131     260   2   1
   397   0    0 0          0       0      132  132    131  131     260   2   1
   398   0    1 1          1      -2      132  133    131  134     260   2   1
   399   0    0 0          2      -1      132  133    131  134     260   2   1
   400   0    0 0          0       0      133  133    134  134     260   2   1
   401   0    1 1          1      -2      133  134    134  133     260   2   1
   402   0    0 0          2      -1      133  134    134  133     260   2   1
   403   0    0 0          0       0      134  134    133  133     260   2   1
   404   0    1 1          1      -2      134  135    133  136     260   2   1
   405   0    0 0          2      -1      134  135    133  136     260   2   1
   406   0    0 0          0       0      135  135    136  136     260   2   1
   407   0    1 1          1      -2      135  136    136  135     260   2   1
   408   0    0 0          2      -1      135  136    136  135     260   2   1
   409   0    0 0          0       0      136  136    135  135     260   2   1
   410   0    1 1          1      -2      136  137    135  138     260   2   1
   411   0    0 0          2      -1      136  137    135  138     260   2   1
   412   0    0 0          0       0      137  137    138  138     260   2   1
   413   0    1 1          1      -2      137  138    138  137     260   2   1
   414   0    0 0          2      -1      137  138    138  137     260   2   1
   415   0    0 0          0       0      138  138    137  137     260   2   1
   416   0    1 1          1      -2      138  139    137  140     260   2   1
   417   0    0 0          2      -1      138  139    137  140     260   2   1
   418   0    0 0          0       0      139  139    140  140     260   2   1
   419   0    1 1          1      -2      139  140    140  139     260   2   1
   420   0    0 0          2      -1      139  140    140  139     260   2   1
   421   0    0 0          0       0      140  140    139  139     260   2   1
   422   0    1 1          1      -2      140  141    139  142     260   2   1
   423   0    0 0          2      -1      140  141    139  142     260   2   1
   424   0    0 0          0       0      141  141    142  142     260   2   1
   425   0    1 1          1      -2      141  142    142  141     260   2   1
   426   0    0 0          2      -1      141  142    142  141     260   2   1
   427   0    0 0          0       0      142  142    141  141     260   2   1
   428   0    1 1          1      -2      142  143    141  144     260   2   1
   429   0    0 0          2      -1      142  143    141  144     260   2   1
   430   0    0 0          0       0      143  143    144  144     260   2   1
   431   0    1 1          1      -2      143  144    144  143     260   2   1
   432   0    0 0          2      -1      143  144    144  143     260   2   1
   433   0    0 0          0       0      144  144    143  143     260   2   1
   434   0    1 1          1      -2      144  145    143  146     260   2   1
   435   0    0 0          2      -1      144  145    143  146     260   2   1
   436   0    0 0          0       0      145  145    146  146     260   2   1
   437   0    1 1          1      -2      145  146    146  145     260   2   1
   438   0    0 0          2      -1      145  146    146  145     260   2   1
   439   0    0 0          0       0      146  146    145  145     260   2   1
   440   0    1 1          1      -2      146  147    145  148     260   2   1
   441   0    0 0          2      -1      146  147    145  148     260   2   1
   442   0    0 0          0       0      147  147    148  148     260   2   1
   443   0    1 1          1      -2      147  148    148  147     260   2   1
   444   0    0 0          2      -1      147  148    148  147     260   2   1
   445   0    0 0          0       0      148  148    147  147     260   2   1
   446   0    1 1          1      -2      148  149    147  150     260   2   1
   447   0    0 0          2      -1      148  149    147  150     260   2   1
   448   0    0 0          0       0      149  149    150  150     260   2   1
   449   0    1 1          1      -2      149  150    150  149     260   2   1
   450   0    0 0          2      -1      149  150    150  149     260   2   1
   451   0    0 0          0       0      150  150    149  149     260   2   1
   452   0    1 1          1      -2      150  151    149  152     260   2   1
   453   0    0 0          2      -1      150  151    149  152     260   2   1
   454   0    0 0          0       0      151  151    152  152     260   2   1
   455   0    1 1          1      -2      151  152    152  151     260   2   1
   456   0    0 0          2      -1      151  152    152  151     260   2   1
   457   0    0 0          0       0      152  152    151  151     260   2   1
   458   0    1 1          1      -2      152  153    151  154     260   2   1
   459   0    0 0          2      -1      152  153    151  154     260   2   1
   460   0    0 0          0       0      153  153    154  154     260   2   1
   461   0    1 1          1      -2      153  154    154  153     260   2   1
   462   0    0 0          2      -1      153  154    154  153     260   2   1
   463   0    0 0          0       0      154  154    153  153     260   2   1
   464   0    1 1          1      -2      154  155    153  156     260   2   1
   465   0    0 0          2      -1      154  155    153  156     260   2   1
   466   0    0 0          0       0      155  155    156  156     260   2   1
   467   0    1 1          1      -2      155  156    156  155     260   2   1
   468   0    0 0          2      -1      155  156    156  155     260   2   1
   469   0    0 0          0       0      156  156    155  155     260   2   1
   470   0    1 1          1      -2      156  157    155  158     260   2   1
   471   0    0 0          2      -1      156  157    155  158     260   2   1
   472   0    0 0          0       0      157  157    158  158     260   2   1
   473   0    1 1          1      -2      157  158    158  157     260   2   1
   474   0    0 0          2      -1      157  158    158  157     260   2   1
   475   0    0 0          0       0      158  158    157  157     260   2   1
   476   0    1 1          1      -2      158  159    157  160     260   2   1
   477   0    0 0          2      -1      158  159    157  160     260   2   1
   478   0    0 0          0       0      159  159    160  160     260   2   1
   479   0    1 1          1      -2      159  160    160  159     260   2   1
   480   0    0 0          2      -1      159  160    160  159     260   2   1
   481   0    0 0          0       0      160  160    159  159     260   2   1
   482   0    1 1          1      -2      160  161    159  162     260   2   1
   483   0    0 0          2      -1      160  161    159  162     260   2   1
   484   0    0 0          0       0      161  161    162  162     260   2   1
   485   0    1 1          1      -2      161  162    162  161     260   2   1
   486   0    0 0          2      -1      161  162    162  161     260   2   1
   487   0    0 0          0       0      162  162    161  161     260   2   1
   488   0    1 1          1      -2      162  163    161  164     260   2   1
   489   0    0 0          2      -1      162  163    161  164     260   2   1
   490   0    0 0          0       0      163  163    164  164     260   2   1
   491   0    1 1          1      -2      163  164    164  163     260   2   1
   492   0    0 0          2      -1      163  164    164  163     260   2   1
   493   0    0 0          0       0      164  164    163  163     260   2   1
   494   0    1 1          1      -2      164  165    163  166     260   2   1
   495   0    0 0          2      -1      164  165    163  166     260   2   1
   496   0    0 0          0       0      165  165    166  166     260   2   1
   497   0    1 1          1      -2      165  166    166  165     260   2   1
   498   0    0 0          2      -1      165  166    166  165     260   2   1
   499   0    0 0          0       0      166  166    165  165     260   2   1
   500   0    1 1          1      -2      166  167    165  168     260   2   1
   501   0    0 0          2      -1      166  167    165  168     260   2   1
   502   0    0 0          0       0      167  167    168  168     260   2   1
   503   0    1 1          1      -2      167  168    168  167     260   2   1
   504   0    0 0          2      -1      167  168    168  167     260   2   1
   505   0    0 0          0       0      168  168    167  167     260   2   1
   506   0    1 1          1      -2      168  169    167  170     260   2   1
   507   0    0 0          2      -1      168  169    167  170     260   2   1
   508   0    0 0          0       0      169  169    170  170     260   2   1
   509   0    1 1          1      -2      169  170    170  169     260   2   1
   510   0    0 0          2      -1      169  170    170  169     260   2   1
   511   0    0 0          0       0      170  170    169  169     260   2   1
   512   0    1 1          1      -2      170  171    169  172     260   2   1
   513   0    0 0          2      -1      170  171    169  172     260   2   1
   514   0    0 0          0       0      171  171    172  172     260   2   1
   515   0    1 1          1      -2      171  172    172  171     260   2   1
   516   0    0 0          2      -1      171  172    172  171     260   2   1
   517   0    0 0          0       0      172  172    171  171     260   2   1
   518   0    1 1          1      -2      172  173    171  174     260   2   1
   519   0    0 0          2      -1      172  173    171  174     260   2   1
   520   0    0 0          0       0      173  173    174  174     260   2   1
   521   0    1 1          1      -2      173  174    174  173     260   2   1
   522   0    0 0          2      -1      173  174    174  173     260   2   1
   523   0    0 0          0       0      174  174    173  173     260   2   1
   524   0    1 1          1      -2      174  175    173  176     260   2   1
   525   0    0 0          2      -1      174  175    173  176     260   2   1
   526   0    0 0          0       0      175  175    176  176     260   2   1
   527   0    1 1          1      -2      175  176    176  175     260   2   1
   528   0    0 0          2      -1      175  176    176  175     260   2   1
   529   0    0 0          0       0      176  176    175  175     260   2   1
   530   0    1 1          1      -2      176  177    175  178     260   2   1
   531   0    0 0          2      -1      176  177    175  178     260   2   1
   532   0    0 0          0       0      177  177    178  178     260   2   1
   533   0    1 1          1      -2      177  178    178  177     260   2   1
   534   0    0 0          2      -1      177  178    178  177     260   2   1
   535   0    0 0          0       0      178  178    177  177     260   2   1
   536   0    1 1          1      -2      178  179    177  180     260   2   1
   537   0    0 0          2      -1      178  179    177  180     260   2   1
   538   0    0 0          0       0      179  179    180  180     260   2   1
   539   0    1 1          1      -2      179  180    180  179     260   2   1
   540   0    0 0          2      -1      179  180    180  179     260   2   1
   541   0    0 0          0       0      180  180    179  179     260   2   1
   542   0    1 1          1      -2      180  181    179  182     260   2   1
   543   0    0 0          2      -1      180  181    179  182     260   2   1
   544   0    0 0          0       0      181  181    182  182     260   2   1
   545   0    1 1          1      -2      181  182    182  181     260   2   1
   546   0    0 0          2      -1      181  182    182  181     260   2   1
   547   0    0 0          0       0      182  182    181  181     260   2   1
   548   0    1 1          1      -2      182  183    181  184     260   2   1
   549   0    0 0          2      -1      182  183    181  184     260   2   1
   550   0    0 0          0       0      183  183    184  184     260   2   1
   551   0    1 1          1      -2      183  184    184  183     260   2   1
   552   0    0 0          2      -1      183  184    184  183     260   2   1
   553   0    0 0          0       0      184  184    183  183     260   2   1
   554   0    1 1          1      -2      184  185    183  186     260   2   1
   555   0    0 0          2      -1      184  185    183  186     260   2   1
   556   0    0 0          0       0      185  185    186  186     260   2   1
   557   0    1 1          1      -2      185  186    186  185     260   2   1
   558   0    0 0          2      -1      185  186    186  185     260   2   1
   559   0    0 0          0       0      186  186    185  185     260   2   1
   560   0    1 1          1      -2      186  187    185  188     260   2   1
   561   0    0 0          2      -1      186  187    185  188     260   2   1
   562   0    0 0          0       0      187  187    188  188     260   2   1
   563   0    1 1          1      -2      187  188    188  187     260   2   1
   564   0    0 0          2      -1      187  188    188  187     260   2   1
   565   0    0 0          0       0      188  188    187  187     260   2   1
   566   0    1 1          1      -2      188  189    187  190     260   2   1
   567   0    0 0          2      -1      188  189    187  190     260   2   1
   568   0    0 0          0       0      189  189    190  190     260   2   1
   569   0    1 1          1      -2      189  190    190  189     260   2   1
   570   0    0 0          2      -1      189  190    190  189     260   2   1
   571   0    0 0          0       0      190  190    189  189     260   2   1
   572   0    1 1          1      -2      190  191    189  192     260   2   1
   573   0    0 0          2      -1      190  191    189  192     260   2   1
   574   0    0 0          0       0      191  191    192  192     260   2   1
   575   0    1 1          1      -2      191  192    192  191     260   2   1
   576   0    0 0          2      -1      191  192    192  191     260   2   1
   577   0    0 0          0       0      192  192    191  191     260   2   1
   578   0    1 1          1      -2      192  193    191  194     260   2   1
   579   0    0 0          2      -1      192  193    191  194     260   2   1
   580   0    0 0          0       0      193  193    194  194     260   2   1
   581   0    1 1          1      -2      193  194    194  193     260   2   1
   582   0    0 0          2      -1      193  194    194  193     260   2   1
   583   0    0 0          0       0      194  194    193  193     260   2   1
   584   0    1 1          1      -2      194  195    193  196     260   2   1
   585   0    0 0          2      -1      194  195    193  196     260   2   1
   586   0    0 0          0       0      195  195    196  196     260   2   1
   587   0    1 1          1      -2      195  196    196  195     260   2   1
   588   0    0 0          2      -1      195  196    196  195     260   2   1
   589   0    0 0          0       0      196  196    195  195     260   2   1
   590   0    1 1          1      -2      196  197    195  198     260   2   1
   591   0    0 0          2      -1      196  197    195  198     260   2   1
   592   0    0 0          0       0      197  197    198  198     260   2   1
   593   0    1 1          1      -2      197  198    198  197     260   2   1
   594   0    0 0          2      -1      197  198    198  197     260   2   1
   595   0    0 0          0       0      198  198    197  197     260   2   1
   596   0    1 1          1      -2      198  199    197  200     260   2   1
   597   0    0 0          2      -1      198  199    197  200     260   2   1
   598   0    0 0          0       0      199  199    200  200     260   2   1
   599   0    1 1          1      -2      199  200    200  199     260   2   1
   600   0    0 0          2      -1      199  200    200  199     260   2   1
   601   0    0 0          0       0      200  200    199  199     260   2   1
   602   0    1 1          1      -2      200  201    199  202     260   2   1
   603   0    0 0          2      -1      200  201    199  202     260   2   1
   604   0    0 0          0       0      201  201    202  202     260   2   1
   605   0    1 1          1      -2      201  202    202  201     260   2   1
   606   0    0 0          2      -1      201  202    202  201     260   2   1
   607   0    0 0          0       0      202  202    201  201     260   2   1
   608   0    1 1          1      -2      202  203    201  204     260   2   1
   609   0    0 0          2      -1      202  203    201  204     260   2   1
   610   0    0 0          0       0      203  203    204  204     260   2   1
   611   0    1 1          1      -2      203  204    204  203     260   2   1
   612   0    0 0          2      -1      203  204    204  203     260   2   1
   613   0    0 0          0       0      204  204    203  203     260   2   1
   614   0    1 1          1      -2      204  205    203  206     260   2   1
   615   0    0 0          2      -1      204  205    203  206     260   2   1
   616   0    0 0          0       0      205  205    206  206     260   2   1
   617   0    1 1          1      -2      205  206    206  205     260   2   1
   618   0    0 0          2      -1      205  206    206  205     260   2   1
   619   0    0 0          0       0      206  206    205  205     260   2   1
   620   0    1 1          1      -2      206  207    205  208     260   2   1
   621   0    0 0          2      -1      206  207    205  208     260   2   1
   622   0    0 0          0       0      207  207    208  208     260   2   1
   623   0    1 1          1      -2      207  208    208  207     260   2   1
   624   0    0 0          2      -1      207  208    208  207     260   2   1
   625   0    0 0          0       0      208  208    207  207     260   2   1
   626   0    1 1          1      -2      208  209    207  210     260   2   1
   627   0    0 0          2      -1      208  209    207  210     260   2   1
   628   0    0 0          0       0      209  209    210  210     260   2   1
   629   0    1 1          1      -2      209  210    210  209     260   2   1
   630   0    0 0          2      -1      209  210    210  209     260   2   1
   631   0    0 0          0       0      210  210    209  209     260   2   1
   632   0    1 1          1      -2      210  211    209  212     260   2   1
   633   0    0 0          2      -1      210  211    209  212     260   2   1
   634   0    0 0          0       0      211  211    212  212     260   2   1
   635   0    1 1          1      -2      211  212    212  211     260   2   1
   636   0    0 0          2      -1      211  212    212  211     260   2   1
   637   0    0 0          0       0      212  212    211  211     260   2   1
   638   0    1 1          1      -2      212  213    211  214     260   2   1
   639   0    0 0          2      -1      212  213    211  214     260   2   1
   640   0    0 0          0       0      213  213    214  214     260   2   1
   641   0    1 1          1      -2      213  214    214  213     260   2   1
   642   0    0 0          2      -1      213  214    214  213     260   2   1
   643   0    0 0          0       0      214  214    213  213     260   2   1
   644   0    1 1          1      -2      214  215    213  216     260   2   1
   645   0    0 0          2      -1      214  215    213  216     260   2   1
   646   0    0 0          0       0      215  215    216  216     260   2   1
   647   0    1 1          1      -2      215  216    216  215     260   2   1
   648   0    0 0          2      -1      215  216    216  215     260   2   1
   649   0    0 0          0       0      216  216    215  215     260   2   1
   650   0    1 1          1      -2      216  217    215  218     260   2   1
   651   0    0 0          2      -1      216  217    215  218     260   2   1
   652   0    0 0          0       0      217  217    218  218     260   2   1
   653   0    1 1          1      -2      217  218    218  217     260   2   1
   654   0    0 0          2      -1      217  218    218  217     260   2   1
   655   0    0 0          0       0      218  218    217  217     260   2   1
   656   0    1 1          1      -2      218  219    217  220     260   2   1
   657   0    0 0          2      -1      218  219    217  220     260   2   1
   658   0    0 0          0       0      219  219    220  220     260   2   1
   659   0    1 1          1      -2      219  220    220  219     260   2   1
   660   0    0 0          2      -1      219  220    220  219     260   2   1
   661   0    0 0          0       0      220  220    219  219     260   2   1
   662   0    1 1          1      -2      220  221    219  222     260   2   1
   663   0    0 0          2      -1      220  221    219  222     260   2   1
   664   0    0 0          0       0      221  221    222  222     260   2   1
   665   0    1 1          1      -2      221  222    222  221     260   2   1
   666   0    0 0          2      -1      221  222    222  221     260   2   1
   667   0    0 0          0       0      222  222    221  221     260   2   1
   668   0    1 1          1      -2      222  223    221  224     260   2   1
   669   0    0 0          2      -1      222  223    221  224     260   2   1
   670   0    0 0          0       0      223  223    224  224     260   2   1
   671   0    1 1          1      -2      223  224    224  223     260   2   1
   672   0    0 0          2      -1      223  224    224  223     260   2   1
   673   0    0 0          0       0      224  224    223  223     260   2   1
   674   0    1 1          1      -2      224  225    223  226     260   2   1
   675   0    0 0          2      -1      224  225    223  226     260   2   1
   676   0    0 0          0       0      225  225    226  226     260   2   1
   677   0    1 1          1      -2      225  226    226  225     260   2   1
   678   0    0 0          2      -1      225  226    226  225     260   2   1
   679   0    0 0          0       0      226  226    225  225     260   2   1
   680   0    1 1          1      -2      226  227    225  228     260   2   1
   681   0    0 0          2      -1      226  227    225  228     260   2   1
   682   0    0 0          0       0      227  227    228  228     260   2   1
   683   0    1 1          1      -2      227  228    228  227     260   2   1
   684   0    0 0          2      -1      227  228    228  227     260   2   1
   685   0    0 0          0       0      228  228    227  227     260   2   1
   686   0    1 1          1      -2      228  229    227  230     260   2   1
   687   0    0 0          2      -1      228  229    227  230     260   2   1
   688   0    0 0          0       0      229  229    230  230     260   2   1
   689   0    1 1          1      -2      229  230    230  229     260   2   1
   690   0    0 0          2      -1      229  230    230  229     260   2   1
   691   0    0 0          0       0      230  230    229  229     260   2   1
   692   0    1 1          1      -2      230  231    229  232     260   2   1
   693   0    0 0          2      -1      230  231    229  232     260   2   1
   694   0    0 0          0       0      231  231    232  232     260   2   1
   695   0    1 1          1      -2      231  232    232  231     260   2   1
   696   0    0 0          2      -1      231  232    232  231     260   2   1
   697   0    0 0          0       0      232  232    231  231     260   2   1
   698   0    1 1          1      -2      232  233    231  234     260   2   1
   699   0    0 0          2      -1      232  233    231  234     260   2   1
   700   0    0 0          0       0      233  233    234  234     260   2   1
   701   0    1 1          1      -2      233  234    234  233     260   2   1
   702   0    0 0          2      -1      233  234    234  233     260   2   1
   703   0    0 0          0       0      234  234    233  233     260   2   1
   704   0    1 1          1      -2      234  235    233  236     260   2   1
   705   0    0 0          2      -1      234  235    233  236     260   2   1
   706   0    0 0          0       0      235  235    236  236     260   2   1
   707   0    1 1          1      -2      235  236    236  235     260   2   1
   708   0    0 0          2      -1      235  236    236  235     260   2   1
   709   0    0 0          0       0      236  236    235  235     260   2   1
   710   0    1 1          1      -2      236  237    235  238     260   2   1
   711   0    0 0          2      -1      236  237    235  238     260   2   1
   712   0    0 0          0       0      237  237    238  238     260   2   1
   713   0    1 1          1      -2      237  238    238  237     260   2   1
   714   0    0 0          2      -1      237  238    238  237     260   2   1
   715   0    0 0          0       0      238  238    237  237     260   2   1
   716   0    1 1          1      -2      238  239    237  240     260   2   1
   717   0    0 0          2      -1      238  239    237  240     260   2   1
   718   0    0 0          0       0      239  239    240  240     260   2   1
   719   0    1 1          1      -2      239  240    240  239     260   2   1
   720   0    0 0          2      -1      239  240    240  239     260   2   1
   721   0    0 0          0       0      240  240    239  239     260   2   1
   722   0    1 1          1      -2      240  241    239  242     260   2   1
   723   0    0 0          2      -1      240  241    239  242     260   2   1
   724   0    0 0          0       0      241  241    242  242     260   2   1
   725   0    1 1          1      -2      241  242    242  241     260   2   1
   726   0    0 0          2      -1      241  242    242  241     260   2   1
   727   0    0 0          0       0      242  242    241  241     260   2   1
   728   0    1 1          1      -2      242  243    241  244     260   2   1
   729   0    0 0          2      -1      242  243    241  244     260   2   1
   730   0    0 0          0       0      243  243    244  244     260   2   1
   731   0    1 1          1      -2      243  244    244  243     260   2   1
   732   0    0 0          2      -1      243  244    244  243     260   2   1
   733   0    0 0          0       0      244  244    243  243     260   2   1
   734   0    1 1          1      -2      244  245    243  246     260   2   1
   735   0    0 0          2      -1      244  245    243  246     260   2   1
   736   0    0 0          0       0      245  245    246  246     260   2   1
   737   0    1 1          1      -2      245  246    246  245     260   2   1
   738   0    0 0          2      -1      245  246    246  245     260   2   1
   739   0    0 0          0       0      246  246    245  245     260   2   1
   740   0    1 1          1      -2      246  247    245  248     260   2   1
   741   0    0 0          2      -1      246  247    245  248     260   2   1
   742   0    0 0          0       0      247  247    248  248     260   2   1
   743   0    1 1          1      -2      247  248    248  247     260   2   1
   744   0    0 0          2      -1      247  248    248  247     260   2   1
   745   0    0 0          0       0      248  248    247  247     260   2   1
   746   0    1 1          1      -2      248  249    247  250     260   2   1
   747   0    0 0          2      -1      248  249    247  250     260   2   1
   748   0    0 0          0       0      249  249    250  250     260   2   1
   749   0    1 1          1      -2      249  250    250  249     260   2   1
   750   0    0 0          2      -1      249  250    250  249     260   2   1
   751   0    0 0          0       0      250  250    249  249     260   2   1
   752   0    1 1          1      -2      250  251    249  252     260   2   1
   753   0    0 0          2      -1      250  251    249  252     260   2   1
   754   0    0 0          0       0      251  251    252  252     260   2   1
   755   0    1 1          1      -2      251  252    252  251     260   2   1
   756   0    0 0          2      -1      251  252    252  251     260   2   1
   757   0    0 0          0       0      252  252    251  251     260   2   1
   758   0    1 1          1      -2      252  253    251  254     260   2   1
   759   0    0 0          2      -1      252  253    251  254     260   2   1
   760   0    0 0          0       0      253  253    254  254     260   2   1
   761   0    1 1          1      -2      253  254    254  253     260   2   1
   762   0    0 0          2      -1      253  254    254  253     260   2   1
   763   0    0 0          0       0      254  254    253  253     260   2   1
   764   0    1 1          1      -2      254  255    253  256     260   2   1
   765   0    0 0          2      -1      254  255    253  256     260   2   1
   766   0    0 0          0       0      255  255    256  256     260   2   1
   767   0    1 1          1      -2      255  256    256  255     260   2   1
   768   0    0 0          2      -1      255  256    256  255     260   2   1
   769   0    0 0          0       0      256  256    255  255     260   2   1
   770   0    1 1          1      -2      256  257    255  258     260   2   1
   771   0    0 0          2      -1      256  257    255  258     260   2   1
   772   0    0 0          0       0      257  257    258  258     260   2   1
   773   0    1 1          1      -2      257  258    258  257     260   2   1
   774   0    0 0          2      -1      257  258    258  257     260   2   1
   775   0    0 0          0       0      258  258    257  257     260   2   1
   776   0    1 1          1      -2      258  259    257    0     260   2   1
   777   0    0 0          2      -1      258  259    257    0     260   2   1
   778   0    0 0          0       0      259  259      0    0     260   2   1
   779   0    1 1          1      -2      259    0      0  259     260   2   1
   780   0    0 0          2      -1      259    0      0  259     260   2   1
   781   0    1 0          0  181871548        0    0      0    0     260   2   1
   782   0    0 0          0  181871548        0    0      0    0     260   2   1
   783   0    0 0          0  181871420        0    0      0    0     260   2   1
   784   0    0 0          0  181871420        0    0   6320 9488     260   2   1
   785   0    0 0          0  181871548        0    0      0    0     260   2   1
   786   0    0 0          0  181871548        0    0   3168 3168     260   2   1
   787   0    0 0          0  181871420        0    0      0    0     260   2   1
