    0        1667981757.550795040    259   0.000000000
    1        1667981757.550798855      2   0.000003815
    2        1667981757.550801689      1   0.000002861
    3        1667981757.553897316      4   0.003095627
    4        1667981757.557108467      3   0.003211021
    5        1667981757.560351708      6   0.003243208
    6        1667981757.563674284      5   0.003322601
    7        1667981757.566867122      8   0.003192902
    8        1667981757.570153156      7   0.003286123
    9        1667981757.573381896     10   0.003228664
   10        1667981757.576878978      9   0.003497124
   11        1667981757.580078625     12   0.003199577
   12        1667981757.583312318     11   0.003233671
   13        1667981757.586492134     14   0.003179789
   14        1667981757.589687139     13   0.003195047
   15        1667981757.592882798     16   0.003195763
   16        1667981757.596113709     15   0.003230810
   17        1667981757.599346209     18   0.003232479
   18        1667981757.602577241     17   0.003231049
   19        1667981757.605806363     20   0.003229141
   20        1667981757.609037495     19   0.003231049
   21        1667981757.612270241     22   0.003232956
   22        1667981757.615504053     21   0.003233671
   23        1667981757.618724934     24   0.003220797
   24        1667981757.621957174     23   0.003232241
   25        1667981757.625164352     26   0.003207207
   26        1667981757.628372106     25   0.003207922
   27        1667981757.631603860     28   0.003231764
   28        1667981757.634833643     27   0.003229618
   29        1667981757.638020714     30   0.003187180
   30        1667981757.641248967     29   0.003228188
   31        1667981757.644478319     32   0.003229380
   32        1667981757.647676760     31   0.003198385
   33        1667981757.650895917     34   0.003219128
   34        1667981757.654129023     33   0.003233194
   35        1667981757.657357698     36   0.003228664
   36        1667981757.660578535     35   0.003220797
   37        1667981757.663809272     38   0.003230810
   38        1667981757.667038793     37   0.003229380
   39        1667981757.670267652     40   0.003228903
   40        1667981757.673496335     39   0.003228664
   41        1667981757.676739967     42   0.003243685
   42        1667981757.679961436     41   0.003221512
   43        1667981757.683197398     44   0.003236055
   44        1667981757.686386487     43   0.003189087
   45        1667981757.689619824     46   0.003233194
   46        1667981757.692852034     45   0.003232241
   47        1667981757.696084727     48   0.003232718
   48        1667981757.699319734     47   0.003235102
   49        1667981757.702549276     50   0.003229380
   50        1667981757.705777621     49   0.003228426
   51        1667981757.709007172     52   0.003229618
   52        1667981757.712227711     51   0.003220558
   53        1667981757.715458323     54   0.003230572
   54        1667981757.718689171     53   0.003230810
   55        1667981757.721918839     56   0.003229618
   56        1667981757.725147556     55   0.003228664
   57        1667981757.728377191     58   0.003229618
   58        1667981757.731608976     57   0.003231764
   59        1667981757.734840641     60   0.003231764
   60        1667981757.738071423     59   0.003230810
   61        1667981757.741304637     62   0.003233194
   62        1667981757.744483497     61   0.003178835
   63        1667981757.747669418     64   0.003185987
   64        1667981757.750870252     63   0.003200769
   65        1667981757.754100908     66   0.003230572
   66        1667981757.757298143     65   0.003197432
   67        1667981757.760473324     68   0.003175020
   68        1667981757.763702821     67   0.003229618
   69        1667981757.766934371     70   0.003231525
   70        1667981757.770162614     69   0.003228188
   71        1667981757.773393977     72   0.003231287
   72        1667981757.776583509     71   0.003189564
   73        1667981757.779813376     74   0.003229856
   74        1667981757.783044727     73   0.003231525
   75        1667981757.786364235     76   0.003319502
   76        1667981757.789594866     75   0.003230572
   77        1667981757.792787415     78   0.003192425
   78        1667981757.796018059     77   0.003230810
   79        1667981757.799201635     80   0.003183603
   80        1667981757.802428540     79   0.003226757
   81        1667981757.805614906     82   0.003186464
   82        1667981757.808829360     81   0.003214359
   83        1667981757.812059706     84   0.003230333
   84        1667981757.815289343     83   0.003229618
   85        1667981757.818520325     86   0.003231049
   86        1667981757.821740739     85   0.003220320
   87        1667981757.824944626     88   0.003204107
   88        1667981757.828176807     87   0.003232002
   89        1667981757.831407152     90   0.003230333
   90        1667981757.834636740     89   0.003229618
   91        1667981757.837866246     92   0.003229618
   92        1667981757.841054304     91   0.003187895
   93        1667981757.844282942     94   0.003228664
   94        1667981757.847497365     93   0.003214598
   95        1667981757.850725868     96   0.003228426
   96        1667981757.853907433     95   0.003181458
   97        1667981757.857137372     98   0.003230095
   98        1667981757.860365788     97   0.003228426
   99        1667981757.863593328    100   0.003227472
  100        1667981757.866789260     99   0.003196001
  101        1667981757.870019220    102   0.003229856
  102        1667981757.873248716    101   0.003229618
  103        1667981757.876476504    104   0.003227711
  104        1667981757.879679042    103   0.003202438
  105        1667981757.882894492    106   0.003215551
  106        1667981757.886122990    105   0.003228426
  107        1667981757.889352011    108   0.003229141
  108        1667981757.892580655    107   0.003228664
  109        1667981757.895811051    110   0.003230333
  110        1667981757.899004774    109   0.003193617
  111        1667981757.902233459    112   0.003228664
  112        1667981757.905462091    111   0.003228664
  113        1667981757.908690736    114   0.003228664
  114        1667981757.911912352    113   0.003221750
  115        1667981757.915118520    116   0.003206015
  116        1667981757.918339030    115   0.003220558
  117        1667981757.921569701    118   0.003230572
  118        1667981757.924799312    117   0.003229618
  119        1667981757.928030060    120   0.003230810
  120        1667981757.931236043    119   0.003206015
  121        1667981757.934466808    122   0.003230810
  122        1667981757.937696202    121   0.003229380
  123        1667981757.940926373    124   0.003230095
  124        1667981757.944116853    123   0.003190517
  125        1667981757.947299036    126   0.003182173
  126        1667981757.950463718    125   0.003164768
  127        1667981757.953697739    128   0.003233910
  128        1667981757.956926197    127   0.003228426
  129        1667981757.960156058    130   0.003229856
  130        1667981757.963345405    129   0.003189325
  131        1667981757.966538505    132   0.003193140
  132        1667981757.969766972    131   0.003228426
  133        1667981757.972996834    134   0.003230095
  134        1667981757.976178904    133   0.003181934
  135        1667981757.979371421    136   0.003192425
  136        1667981757.982601286    135   0.003230095
  137        1667981757.985828491    138   0.003226995
  138        1667981757.989018979    137   0.003190517
  139        1667981757.992247815    140   0.003228903
  140        1667981757.995476739    139   0.003228903
  141        1667981757.998701983    142   0.003225327
  142        1667981758.001930695    141   0.003228664
  143        1667981758.005121427    144   0.003190756
  144        1667981758.008350345    143   0.003228903
  145        1667981758.011520384    146   0.003170013
  146        1667981758.014728264    145   0.003207922
  147        1667981758.017957163    148   0.003228903
  148        1667981758.021153610    147   0.003196478
  149        1667981758.024378628    150   0.003224850
  150        1667981758.027517209    149   0.003138781
  151        1667981758.030745693    152   0.003228426
  152        1667981758.033932537    151   0.003186703
  153        1667981758.037073975    154   0.003141642
  154        1667981758.040289170    153   0.003215075
  155        1667981758.043476970    156   0.003187895
  156        1667981758.046656788    155   0.003179789
  157        1667981758.049890593    158   0.003233671
  158        1667981758.053122463    157   0.003232002
  159        1667981758.056329661    160   0.003207207
  160        1667981758.059536413    159   0.003206730
  161        1667981758.062717748    162   0.003181219
  162        1667981758.065949350    161   0.003231764
  163        1667981758.069180103    164   0.003230572
  164        1667981758.072410373    163   0.003230333
  165        1667981758.075624665    166   0.003214359
  166        1667981758.078857416    165   0.003232718
  167        1667981758.082056428    168   0.003199100
  168        1667981758.085271427    167   0.003214836
  169        1667981758.088502019    170   0.003230572
  170        1667981758.091730422    169   0.003228426
  171        1667981758.094925408    172   0.003195047
  172        1667981758.098155070    171   0.003229618
  173        1667981758.101388181    174   0.003233194
  174        1667981758.104590911    173   0.003202677
  175        1667981758.107778766    176   0.003187895
  176        1667981758.111007238    175   0.003228426
  177        1667981758.114236768    178   0.003229618
  178        1667981758.117468663    177   0.003231764
  179        1667981758.120688119    180   0.003219604
  180        1667981758.123918081    179   0.003229856
  181        1667981758.127147737    182   0.003229618
  182        1667981758.130378051    181   0.003230333
  183        1667981758.133606871    184   0.003228903
  184        1667981758.136836258    183   0.003229380
  185        1667981758.140058235    186   0.003221989
  186        1667981758.143288944    185   0.003230572
  187        1667981758.146518546    188   0.003229618
  188        1667981758.149752667    187   0.003234148
  189        1667981758.152928455    190   0.003175735
  190        1667981758.156159581    189   0.003231287
  191        1667981758.159354885    192   0.003195286
  192        1667981758.162579463    191   0.003224611
  193        1667981758.165808296    194   0.003228664
  194        1667981758.169029456    193   0.003221273
  195        1667981758.172262497    196   0.003232956
  196        1667981758.175445319    195   0.003182888
  197        1667981758.178671914    198   0.003226519
  198        1667981758.181859323    197   0.003187418
  199        1667981758.185052193    200   0.003192902
  200        1667981758.188203378    199   0.003151178
  201        1667981758.191434873    202   0.003231525
  202        1667981758.194655602    201   0.003220797
  203        1667981758.197869622    204   0.003213882
  204        1667981758.201100741    203   0.003231287
  205        1667981758.204331415    206   0.003230572
  206        1667981758.207548684    205   0.003217220
  207        1667981758.210745648    208   0.003196955
  208        1667981758.213978349    207   0.003232718
  209        1667981758.217206737    210   0.003228426
  210        1667981758.220392171    209   0.003185511
  211        1667981758.223543024    212   0.003150702
  212        1667981758.226771656    211   0.003228664
  213        1667981758.229905921    214   0.003134251
  214        1667981758.233133785    213   0.003227949
  215        1667981758.236353212    216   0.003219366
  216        1667981758.239581825    215   0.003228664
  217        1667981758.242810534    218   0.003228664
  218        1667981758.246039296    217   0.003228903
  219        1667981758.249267649    220   0.003228188
  220        1667981758.252497360    219   0.003229856
  221        1667981758.255713577    222   0.003216028
  222        1667981758.258942197    221   0.003228664
  223        1667981758.262170160    224   0.003227949
  224        1667981758.265360713    223   0.003190517
  225        1667981758.268550880    226   0.003190279
  226        1667981758.271706378    225   0.003155470
  227        1667981758.274936093    228   0.003229856
  228        1667981758.278122944    227   0.003186703
  229        1667981758.281319227    230   0.003196239
  230        1667981758.284537045    229   0.003217936
  231        1667981758.287765724    232   0.003228664
  232        1667981758.290967633    231   0.003201962
  233        1667981758.294196233    234   0.003228426
  234        1667981758.297392595    233   0.003196478
  235        1667981758.300613949    236   0.003221273
  236        1667981758.303843352    235   0.003229380
  237        1667981758.307074284    238   0.003231049
  238        1667981758.310282471    237   0.003208160
  239        1667981758.313477230    240   0.003194809
  240        1667981758.316674109    239   0.003196716
  241        1667981758.319898085    242   0.003224134
  242        1667981758.323056494    241   0.003158331
  243        1667981758.326285324    244   0.003228903
  244        1667981758.329514862    243   0.003229618
  245        1667981758.332743527    246   0.003228664
  246        1667981758.335928212    245   0.003184557
  247        1667981758.339127356    248   0.003199100
  248        1667981758.342355940    247   0.003228664
  249        1667981758.345569039    250   0.003213167
  250        1667981758.348797620    249   0.003228426
  251        1667981758.352027323    252   0.003229856
  252        1667981758.355239545    251   0.003212214
  253        1667981758.358470699    254   0.003231049
  254        1667981758.361699499    253   0.003228903
  255        1667981758.364885707    256   0.003186226
  256        1667981758.368079722    255   0.003193855
  257        1667981758.371274751    258   0.003195047
  258        1667981758.374504375    257   0.003229618
  259        1667981758.377732598      0   0.003228188
  260        1667981758.380944276    259   0.003211737
  261        1667981758.383040182     -1   0.002095938
