     0   0    1 0          0       0        0    0    119  119     120   2   1
     1   0    0 0          0       0        0    0    119  119     120   2   1
     2   0    1 1          1      -2        0    1    119    2     120   2   1
     3   0    0 0          2      -1        0    1    119    2     120   2   1
     4   0    0 0          0       0        1    1      2    2     120   2   1
     5   0    1 1          1      -2        1    2      2    1     120   2   1
     6   0    0 0          2      -1        1    2      2    1     120   2   1
     7   0    0 0          0       0        2    2      1    1     120   2   1
     8   0    1 1          1      -2        2    3      1    4     120   2   1
     9   0    0 0          2      -1        2    3      1    4     120   2   1
    10   0    0 0          0       0        3    3      4    4     120   2   1
    11   0    1 1          1      -2        3    4      4    3     120   2   1
    12   0    0 0          2      -1        3    4      4    3     120   2   1
    13   0    0 0          0       0        4    4      3    3     120   2   1
    14   0    1 1          1      -2        4    5      3    6     120   2   1
    15   0    0 0          2      -1        4    5      3    6     120   2   1
    16   0    0 0          0       0        5    5      6    6     120   2   1
    17   0    1 1          1      -2        5    6      6    5     120   2   1
    18   0    0 0          2      -1        5    6      6    5     120   2   1
    19   0    0 0          0       0        6    6      5    5     120   2   1
    20   0    1 1          1      -2        6    7      5    8     120   2   1
    21   0    0 0          2      -1        6    7      5    8     120   2   1
    22   0    0 0          0       0        7    7      8    8     120   2   1
    23   0    1 1          1      -2        7    8      8    7     120   2   1
    24   0    0 0          2      -1        7    8      8    7     120   2   1
    25   0    0 0          0       0        8    8      7    7     120   2   1
    26   0    1 1          1      -2        8    9      7   10     120   2   1
    27   0    0 0          2      -1        8    9      7   10     120   2   1
    28   0    0 0          0       0        9    9     10   10     120   2   1
    29   0    1 1          1      -2        9   10     10    9     120   2   1
    30   0    0 0          2      -1        9   10     10    9     120   2   1
    31   0    0 0          0       0       10   10      9    9     120   2   1
    32   0    1 1          1      -2       10   11      9   12     120   2   1
    33   0    0 0          2      -1       10   11      9   12     120   2   1
    34   0    0 0          0       0       11   11     12   12     120   2   1
    35   0    1 1          1      -2       11   12     12   11     120   2   1
    36   0    0 0          2      -1       11   12     12   11     120   2   1
    37   0    0 0          0       0       12   12     11   11     120   2   1
    38   0    1 1          1      -2       12   13     11   14     120   2   1
    39   0    0 0          2      -1       12   13     11   14     120   2   1
    40   0    0 0          0       0       13   13     14   14     120   2   1
    41   0    1 1          1      -2       13   14     14   13     120   2   1
    42   0    0 0          2      -1       13   14     14   13     120   2   1
    43   0    0 0          0       0       14   14     13   13     120   2   1
    44   0    1 1          1      -2       14   15     13   16     120   2   1
    45   0    0 0          2      -1       14   15     13   16     120   2   1
    46   0    0 0          0       0       15   15     16   16     120   2   1
    47   0    1 1          1      -2       15   16     16   15     120   2   1
    48   0    0 0          2      -1       15   16     16   15     120   2   1
    49   0    0 0          0       0       16   16     15   15     120   2   1
    50   0    1 1          1      -2       16   17     15   18     120   2   1
    51   0    0 0          2      -1       16   17     15   18     120   2   1
    52   0    0 0          0       0       17   17     18   18     120   2   1
    53   0    1 1          1      -2       17   18     18   17     120   2   1
    54   0    0 0          2      -1       17   18     18   17     120   2   1
    55   0    0 0          0       0       18   18     17   17     120   2   1
    56   0    1 1          1      -2       18   19     17   20     120   2   1
    57   0    0 0          2      -1       18   19     17   20     120   2   1
    58   0    0 0          0       0       19   19     20   20     120   2   1
    59   0    1 1          1      -2       19   20     20   19     120   2   1
    60   0    0 0          2      -1       19   20     20   19     120   2   1
    61   0    0 0          0       0       20   20     19   19     120   2   1
    62   0    1 1          1      -2       20   21     19   22     120   2   1
    63   0    0 0          2      -1       20   21     19   22     120   2   1
    64   0    0 0          0       0       21   21     22   22     120   2   1
    65   0    1 1          1      -2       21   22     22   21     120   2   1
    66   0    0 0          2      -1       21   22     22   21     120   2   1
    67   0    0 0          0       0       22   22     21   21     120   2   1
    68   0    1 1          1      -2       22   23     21   24     120   2   1
    69   0    0 0          2      -1       22   23     21   24     120   2   1
    70   0    0 0          0       0       23   23     24   24     120   2   1
    71   0    1 1          1      -2       23   24     24   23     120   2   1
    72   0    0 0          2      -1       23   24     24   23     120   2   1
    73   0    0 0          0       0       24   24     23   23     120   2   1
    74   0    1 1          1      -2       24   25     23   26     120   2   1
    75   0    0 0          2      -1       24   25     23   26     120   2   1
    76   0    0 0          0       0       25   25     26   26     120   2   1
    77   0    1 1          1      -2       25   26     26   25     120   2   1
    78   0    0 0          2      -1       25   26     26   25     120   2   1
    79   0    0 0          0       0       26   26     25   25     120   2   1
    80   0    1 1          1      -2       26   27     25   28     120   2   1
    81   0    0 0          2      -1       26   27     25   28     120   2   1
    82   0    0 0          0       0       27   27     28   28     120   2   1
    83   0    1 1          1      -2       27   28     28   27     120   2   1
    84   0    0 0          2      -1       27   28     28   27     120   2   1
    85   0    0 0          0       0       28   28     27   27     120   2   1
    86   0    1 1          1      -2       28   29     27   30     120   2   1
    87   0    0 0          2      -1       28   29     27   30     120   2   1
    88   0    0 0          0       0       29   29     30   30     120   2   1
    89   0    1 1          1      -2       29   30     30   29     120   2   1
    90   0    0 0          2      -1       29   30     30   29     120   2   1
    91   0    0 0          0       0       30   30     29   29     120   2   1
    92   0    1 1          1      -2       30   31     29   32     120   2   1
    93   0    0 0          2      -1       30   31     29   32     120   2   1
    94   0    0 0          0       0       31   31     32   32     120   2   1
    95   0    1 1          1      -2       31   32     32   31     120   2   1
    96   0    0 0          2      -1       31   32     32   31     120   2   1
    97   0    0 0          0       0       32   32     31   31     120   2   1
    98   0    1 1          1      -2       32   33     31   34     120   2   1
    99   0    0 0          2      -1       32   33     31   34     120   2   1
   100   0    0 0          0       0       33   33     34   34     120   2   1
   101   0    1 1          1      -2       33   34     34   33     120   2   1
   102   0    0 0          2      -1       33   34     34   33     120   2   1
   103   0    0 0          0       0       34   34     33   33     120   2   1
   104   0    1 1          1      -2       34   35     33   36     120   2   1
   105   0    0 0          2      -1       34   35     33   36     120   2   1
   106   0    0 0          0       0       35   35     36   36     120   2   1
   107   0    1 1          1      -2       35   36     36   35     120   2   1
   108   0    0 0          2      -1       35   36     36   35     120   2   1
   109   0    0 0          0       0       36   36     35   35     120   2   1
   110   0    1 1          1      -2       36   37     35   38     120   2   1
   111   0    0 0          2      -1       36   37     35   38     120   2   1
   112   0    0 0          0       0       37   37     38   38     120   2   1
   113   0    1 1          1      -2       37   38     38   37     120   2   1
   114   0    0 0          2      -1       37   38     38   37     120   2   1
   115   0    0 0          0       0       38   38     37   37     120   2   1
   116   0    1 1          1      -2       38   39     37   40     120   2   1
   117   0    0 0          2      -1       38   39     37   40     120   2   1
   118   0    0 0          0       0       39   39     40   40     120   2   1
   119   0    1 1          1      -2       39   40     40   39     120   2   1
   120   0    0 0          2      -1       39   40     40   39     120   2   1
   121   0    0 0          0       0       40   40     39   39     120   2   1
   122   0    1 1          1      -2       40   41     39   42     120   2   1
   123   0    0 0          2      -1       40   41     39   42     120   2   1
   124   0    0 0          0       0       41   41     42   42     120   2   1
   125   0    1 1          1      -2       41   42     42   41     120   2   1
   126   0    0 0          2      -1       41   42     42   41     120   2   1
   127   0    0 0          0       0       42   42     41   41     120   2   1
   128   0    1 1          1      -2       42   43     41   44     120   2   1
   129   0    0 0          2      -1       42   43     41   44     120   2   1
   130   0    0 0          0       0       43   43     44   44     120   2   1
   131   0    1 1          1      -2       43   44     44   43     120   2   1
   132   0    0 0          2      -1       43   44     44   43     120   2   1
   133   0    0 0          0       0       44   44     43   43     120   2   1
   134   0    1 1          1      -2       44   45     43   46     120   2   1
   135   0    0 0          2      -1       44   45     43   46     120   2   1
   136   0    0 0          0       0       45   45     46   46     120   2   1
   137   0    1 1          1      -2       45   46     46   45     120   2   1
   138   0    0 0          2      -1       45   46     46   45     120   2   1
   139   0    0 0          0       0       46   46     45   45     120   2   1
   140   0    1 1          1      -2       46   47     45   48     120   2   1
   141   0    0 0          2      -1       46   47     45   48     120   2   1
   142   0    0 0          0       0       47   47     48   48     120   2   1
   143   0    1 1          1      -2       47   48     48   47     120   2   1
   144   0    0 0          2      -1       47   48     48   47     120   2   1
   145   0    0 0          0       0       48   48     47   47     120   2   1
   146   0    1 1          1      -2       48   49     47   50     120   2   1
   147   0    0 0          2      -1       48   49     47   50     120   2   1
   148   0    0 0          0       0       49   49     50   50     120   2   1
   149   0    1 1          1      -2       49   50     50   49     120   2   1
   150   0    0 0          2      -1       49   50     50   49     120   2   1
   151   0    0 0          0       0       50   50     49   49     120   2   1
   152   0    1 1          1      -2       50   51     49   52     120   2   1
   153   0    0 0          2      -1       50   51     49   52     120   2   1
   154   0    0 0          0       0       51   51     52   52     120   2   1
   155   0    1 1          1      -2       51   52     52   51     120   2   1
   156   0    0 0          2      -1       51   52     52   51     120   2   1
   157   0    0 0          0       0       52   52     51   51     120   2   1
   158   0    1 1          1      -2       52   53     51   54     120   2   1
   159   0    0 0          2      -1       52   53     51   54     120   2   1
   160   0    0 0          0       0       53   53     54   54     120   2   1
   161   0    1 1          1      -2       53   54     54   53     120   2   1
   162   0    0 0          2      -1       53   54     54   53     120   2   1
   163   0    0 0          0       0       54   54     53   53     120   2   1
   164   0    1 1          1      -2       54   55     53   56     120   2   1
   165   0    0 0          2      -1       54   55     53   56     120   2   1
   166   0    0 0          0       0       55   55     56   56     120   2   1
   167   0    1 1          1      -2       55   56     56   55     120   2   1
   168   0    0 0          2      -1       55   56     56   55     120   2   1
   169   0    0 0          0       0       56   56     55   55     120   2   1
   170   0    1 1          1      -2       56   57     55   58     120   2   1
   171   0    0 0          2      -1       56   57     55   58     120   2   1
   172   0    0 0          0       0       57   57     58   58     120   2   1
   173   0    1 1          1      -2       57   58     58   57     120   2   1
   174   0    0 0          2      -1       57   58     58   57     120   2   1
   175   0    0 0          0       0       58   58     57   57     120   2   1
   176   0    1 1          1      -2       58   59     57   60     120   2   1
   177   0    0 0          2      -1       58   59     57   60     120   2   1
   178   0    0 0          0       0       59   59     60   60     120   2   1
   179   0    1 1          1      -2       59   60     60   59     120   2   1
   180   0    0 0          2      -1       59   60     60   59     120   2   1
   181   0    0 0          0       0       60   60     59   59     120   2   1
   182   0    1 1          1      -2       60   61     59   62     120   2   1
   183   0    0 0          2      -1       60   61     59   62     120   2   1
   184   0    0 0          0       0       61   61     62   62     120   2   1
   185   0    1 1          1      -2       61   62     62   61     120   2   1
   186   0    0 0          2      -1       61   62     62   61     120   2   1
   187   0    0 0          0       0       62   62     61   61     120   2   1
   188   0    1 1          1      -2       62   63     61   64     120   2   1
   189   0    0 0          2      -1       62   63     61   64     120   2   1
   190   0    0 0          0       0       63   63     64   64     120   2   1
   191   0    1 1          1      -2       63   64     64   63     120   2   1
   192   0    0 0          2      -1       63   64     64   63     120   2   1
   193   0    0 0          0       0       64   64     63   63     120   2   1
   194   0    1 1          1      -2       64   65     63   66     120   2   1
   195   0    0 0          2      -1       64   65     63   66     120   2   1
   196   0    0 0          0       0       65   65     66   66     120   2   1
   197   0    1 1          1      -2       65   66     66   65     120   2   1
   198   0    0 0          2      -1       65   66     66   65     120   2   1
   199   0    0 0          0       0       66   66     65   65     120   2   1
   200   0    1 1          1      -2       66   67     65   68     120   2   1
   201   0    0 0          2      -1       66   67     65   68     120   2   1
   202   0    0 0          0       0       67   67     68   68     120   2   1
   203   0    1 1          1      -2       67   68     68   67     120   2   1
   204   0    0 0          2      -1       67   68     68   67     120   2   1
   205   0    0 0          0       0       68   68     67   67     120   2   1
   206   0    1 1          1      -2       68   69     67   70     120   2   1
   207   0    0 0          2      -1       68   69     67   70     120   2   1
   208   0    0 0          0       0       69   69     70   70     120   2   1
   209   0    1 1          1      -2       69   70     70   69     120   2   1
   210   0    0 0          2      -1       69   70     70   69     120   2   1
   211   0    0 0          0       0       70   70     69   69     120   2   1
   212   0    1 1          1      -2       70   71     69   72     120   2   1
   213   0    0 0          2      -1       70   71     69   72     120   2   1
   214   0    0 0          0       0       71   71     72   72     120   2   1
   215   0    1 1          1      -2       71   72     72   71     120   2   1
   216   0    0 0          2      -1       71   72     72   71     120   2   1
   217   0    0 0          0       0       72   72     71   71     120   2   1
   218   0    1 1          1      -2       72   73     71   74     120   2   1
   219   0    0 0          2      -1       72   73     71   74     120   2   1
   220   0    0 0          0       0       73   73     74   74     120   2   1
   221   0    1 1          1      -2       73   74     74   73     120   2   1
   222   0    0 0          2      -1       73   74     74   73     120   2   1
   223   0    0 0          0       0       74   74     73   73     120   2   1
   224   0    1 1          1      -2       74   75     73   76     120   2   1
   225   0    0 0          2      -1       74   75     73   76     120   2   1
   226   0    0 0          0       0       75   75     76   76     120   2   1
   227   0    1 1          1      -2       75   76     76   75     120   2   1
   228   0    0 0          2      -1       75   76     76   75     120   2   1
   229   0    0 0          0       0       76   76     75   75     120   2   1
   230   0    1 1          1      -2       76   77     75   78     120   2   1
   231   0    0 0          2      -1       76   77     75   78     120   2   1
   232   0    0 0          0       0       77   77     78   78     120   2   1
   233   0    1 1          1      -2       77   78     78   77     120   2   1
   234   0    0 0          2      -1       77   78     78   77     120   2   1
   235   0    0 0          0       0       78   78     77   77     120   2   1
   236   0    1 1          1      -2       78   79     77   80     120   2   1
   237   0    0 0          2      -1       78   79     77   80     120   2   1
   238   0    0 0          0       0       79   79     80   80     120   2   1
   239   0    1 1          1      -2       79   80     80   79     120   2   1
   240   0    0 0          2      -1       79   80     80   79     120   2   1
   241   0    0 0          0       0       80   80     79   79     120   2   1
   242   0    1 1          1      -2       80   81     79   82     120   2   1
   243   0    0 0          2      -1       80   81     79   82     120   2   1
   244   0    0 0          0       0       81   81     82   82     120   2   1
   245   0    1 1          1      -2       81   82     82   81     120   2   1
   246   0    0 0          2      -1       81   82     82   81     120   2   1
   247   0    0 0          0       0       82   82     81   81     120   2   1
   248   0    1 1          1      -2       82   83     81   84     120   2   1
   249   0    0 0          2      -1       82   83     81   84     120   2   1
   250   0    0 0          0       0       83   83     84   84     120   2   1
   251   0    1 1          1      -2       83   84     84   83     120   2   1
   252   0    0 0          2      -1       83   84     84   83     120   2   1
   253   0    0 0          0       0       84   84     83   83     120   2   1
   254   0    1 1          1      -2       84   85     83   86     120   2   1
   255   0    0 0          2      -1       84   85     83   86     120   2   1
   256   0    0 0          0       0       85   85     86   86     120   2   1
   257   0    1 1          1      -2       85   86     86   85     120   2   1
   258   0    0 0          2      -1       85   86     86   85     120   2   1
   259   0    0 0          0       0       86   86     85   85     120   2   1
   260   0    1 1          1      -2       86   87     85   88     120   2   1
   261   0    0 0          2      -1       86   87     85   88     120   2   1
   262   0    0 0          0       0       87   87     88   88     120   2   1
   263   0    1 1          1      -2       87   88     88   87     120   2   1
   264   0    0 0          2      -1       87   88     88   87     120   2   1
   265   0    0 0          0       0       88   88     87   87     120   2   1
   266   0    1 1          1      -2       88   89     87   90     120   2   1
   267   0    0 0          2      -1       88   89     87   90     120   2   1
   268   0    0 0          0       0       89   89     90   90     120   2   1
   269   0    1 1          1      -2       89   90     90   89     120   2   1
   270   0    0 0          2      -1       89   90     90   89     120   2   1
   271   0    0 0          0       0       90   90     89   89     120   2   1
   272   0    1 1          1      -2       90   91     89   92     120   2   1
   273   0    0 0          2      -1       90   91     89   92     120   2   1
   274   0    0 0          0       0       91   91     92   92     120   2   1
   275   0    1 1          1      -2       91   92     92   91     120   2   1
   276   0    0 0          2      -1       91   92     92   91     120   2   1
   277   0    0 0          0       0       92   92     91   91     120   2   1
   278   0    1 1          1      -2       92   93     91   94     120   2   1
   279   0    0 0          2      -1       92   93     91   94     120   2   1
   280   0    0 0          0       0       93   93     94   94     120   2   1
   281   0    1 1          1      -2       93   94     94   93     120   2   1
   282   0    0 0          2      -1       93   94     94   93     120   2   1
   283   0    0 0          0       0       94   94     93   93     120   2   1
   284   0    1 1          1      -2       94   95     93   96     120   2   1
   285   0    0 0          2      -1       94   95     93   96     120   2   1
   286   0    0 0          0       0       95   95     96   96     120   2   1
   287   0    1 1          1      -2       95   96     96   95     120   2   1
   288   0    0 0          2      -1       95   96     96   95     120   2   1
   289   0    0 0          0       0       96   96     95   95     120   2   1
   290   0    1 1          1      -2       96   97     95   98     120   2   1
   291   0    0 0          2      -1       96   97     95   98     120   2   1
   292   0    0 0          0       0       97   97     98   98     120   2   1
   293   0    1 1          1      -2       97   98     98   97     120   2   1
   294   0    0 0          2      -1       97   98     98   97     120   2   1
   295   0    0 0          0       0       98   98     97   97     120   2   1
   296   0    1 1          1      -2       98   99     97  100     120   2   1
   297   0    0 0          2      -1       98   99     97  100     120   2   1
   298   0    0 0          0       0       99   99    100  100     120   2   1
   299   0    1 1          1      -2       99  100    100   99     120   2   1
   300   0    0 0          2      -1       99  100    100   99     120   2   1
   301   0    0 0          0       0      100  100     99   99     120   2   1
   302   0    1 1          1      -2      100  101     99  102     120   2   1
   303   0    0 0          2      -1      100  101     99  102     120   2   1
   304   0    0 0          0       0      101  101    102  102     120   2   1
   305   0    1 1          1      -2      101  102    102  101     120   2   1
   306   0    0 0          2      -1      101  102    102  101     120   2   1
   307   0    0 0          0       0      102  102    101  101     120   2   1
   308   0    1 1          1      -2      102  103    101  104     120   2   1
   309   0    0 0          2      -1      102  103    101  104     120   2   1
   310   0    0 0          0       0      103  103    104  104     120   2   1
   311   0    1 1          1      -2      103  104    104  103     120   2   1
   312   0    0 0          2      -1      103  104    104  103     120   2   1
   313   0    0 0          0       0      104  104    103  103     120   2   1
   314   0    1 1          1      -2      104  105    103  106     120   2   1
   315   0    0 0          2      -1      104  105    103  106     120   2   1
   316   0    0 0          0       0      105  105    106  106     120   2   1
   317   0    1 1          1      -2      105  106    106  105     120   2   1
   318   0    0 0          2      -1      105  106    106  105     120   2   1
   319   0    0 0          0       0      106  106    105  105     120   2   1
   320   0    1 1          1      -2      106  107    105  108     120   2   1
   321   0    0 0          2      -1      106  107    105  108     120   2   1
   322   0    0 0          0       0      107  107    108  108     120   2   1
   323   0    1 1          1      -2      107  108    108  107     120   2   1
   324   0    0 0          2      -1      107  108    108  107     120   2   1
   325   0    0 0          0       0      108  108    107  107     120   2   1
   326   0    1 1          1      -2      108  109    107  110     120   2   1
   327   0    0 0          2      -1      108  109    107  110     120   2   1
   328   0    0 0          0       0      109  109    110  110     120   2   1
   329   0    1 1          1      -2      109  110    110  109     120   2   1
   330   0    0 0          2      -1      109  110    110  109     120   2   1
   331   0    0 0          0       0      110  110    109  109     120   2   1
   332   0    1 1          1      -2      110  111    109  112     120   2   1
   333   0    0 0          2      -1      110  111    109  112     120   2   1
   334   0    0 0          0       0      111  111    112  112     120   2   1
   335   0    1 1          1      -2      111  112    112  111     120   2   1
   336   0    0 0          2      -1      111  112    112  111     120   2   1
   337   0    0 0          0       0      112  112    111  111     120   2   1
   338   0    1 1          1      -2      112  113    111  114     120   2   1
   339   0    0 0          2      -1      112  113    111  114     120   2   1
   340   0    0 0          0       0      113  113    114  114     120   2   1
   341   0    1 1          1      -2      113  114    114  113     120   2   1
   342   0    0 0          2      -1      113  114    114  113     120   2   1
   343   0    0 0          0       0      114  114    113  113     120   2   1
   344   0    1 1          1      -2      114  115    113  116     120   2   1
   345   0    0 0          2      -1      114  115    113  116     120   2   1
   346   0    0 0          0       0      115  115    116  116     120   2   1
   347   0    1 1          1      -2      115  116    116  115     120   2   1
   348   0    0 0          2      -1      115  116    116  115     120   2   1
   349   0    0 0          0       0      116  116    115  115     120   2   1
   350   0    1 1          1      -2      116  117    115  118     120   2   1
   351   0    0 0          2      -1      116  117    115  118     120   2   1
   352   0    0 0          0       0      117  117    118  118     120   2   1
   353   0    1 1          1      -2      117  118    118  117     120   2   1
   354   0    0 0          2      -1      117  118    118  117     120   2   1
   355   0    0 0          0       0      118  118    117  117     120   2   1
   356   0    1 1          1      -2      118  119    117    0     120   2   1
   357   0    0 0          2      -1      118  119    117    0     120   2   1
   358   0    0 0          0       0      119  119      0    0     120   2   1
   359   0    1 1          1      -2      119    0      0  119     120   2   1
   360   0    0 0          2      -1      119    0      0  119     120   2   1
   361   1    1 0          0       0        0    0      2    2     120   2   1
   362   1    0 0          0       0        0    0      2    2     120   2   1
   363   1    1 1          1      -2        0    1      2  119     120   2   1
   364   1    0 0          2      -1        0    1      2  119     120   2   1
   365   1    0 0          0       0        1    1    119  119     120   2   1
   366   1    1 1          1      -2        1    2    119    4     120   2   1
   367   1    0 0          2      -1        1    2    119    4     120   2   1
   368   1    0 0          0       0        2    2      4    4     120   2   1
   369   1    1 1          1      -2        2    3      4    1     120   2   1
   370   1    0 0          2      -1        2    3      4    1     120   2   1
   371   1    0 0          0       0        3    3      1    1     120   2   1
   372   1    1 1          1      -2        3    4      1    6     120   2   1
   373   1    0 0          2      -1        3    4      1    6     120   2   1
   374   1    0 0          0       0        4    4      6    6     120   2   1
   375   1    1 1          1      -2        4    5      6    3     120   2   1
   376   1    0 0          2      -1        4    5      6    3     120   2   1
   377   1    0 0          0       0        5    5      3    3     120   2   1
   378   1    1 1          1      -2        5    6      3    8     120   2   1
   379   1    0 0          2      -1        5    6      3    8     120   2   1
   380   1    0 0          0       0        6    6      8    8     120   2   1
   381   1    1 1          1      -2        6    7      8    5     120   2   1
   382   1    0 0          2      -1        6    7      8    5     120   2   1
   383   1    0 0          0       0        7    7      5    5     120   2   1
   384   1    1 1          1      -2        7    8      5   10     120   2   1
   385   1    0 0          2      -1        7    8      5   10     120   2   1
   386   1    0 0          0       0        8    8     10   10     120   2   1
   387   1    1 1          1      -2        8    9     10    7     120   2   1
   388   1    0 0          2      -1        8    9     10    7     120   2   1
   389   1    0 0          0       0        9    9      7    7     120   2   1
   390   1    1 1          1      -2        9   10      7   12     120   2   1
   391   1    0 0          2      -1        9   10      7   12     120   2   1
   392   1    0 0          0       0       10   10     12   12     120   2   1
   393   1    1 1          1      -2       10   11     12    9     120   2   1
   394   1    0 0          2      -1       10   11     12    9     120   2   1
   395   1    0 0          0       0       11   11      9    9     120   2   1
   396   1    1 1          1      -2       11   12      9   14     120   2   1
   397   1    0 0          2      -1       11   12      9   14     120   2   1
   398   1    0 0          0       0       12   12     14   14     120   2   1
   399   1    1 1          1      -2       12   13     14   11     120   2   1
   400   1    0 0          2      -1       12   13     14   11     120   2   1
   401   1    0 0          0       0       13   13     11   11     120   2   1
   402   1    1 1          1      -2       13   14     11   16     120   2   1
   403   1    0 0          2      -1       13   14     11   16     120   2   1
   404   1    0 0          0       0       14   14     16   16     120   2   1
   405   1    1 1          1      -2       14   15     16   13     120   2   1
   406   1    0 0          2      -1       14   15     16   13     120   2   1
   407   1    0 0          0       0       15   15     13   13     120   2   1
   408   1    1 1          1      -2       15   16     13   18     120   2   1
   409   1    0 0          2      -1       15   16     13   18     120   2   1
   410   1    0 0          0       0       16   16     18   18     120   2   1
   411   1    1 1          1      -2       16   17     18   15     120   2   1
   412   1    0 0          2      -1       16   17     18   15     120   2   1
   413   1    0 0          0       0       17   17     15   15     120   2   1
   414   1    1 1          1      -2       17   18     15   20     120   2   1
   415   1    0 0          2      -1       17   18     15   20     120   2   1
   416   1    0 0          0       0       18   18     20   20     120   2   1
   417   1    1 1          1      -2       18   19     20   17     120   2   1
   418   1    0 0          2      -1       18   19     20   17     120   2   1
   419   1    0 0          0       0       19   19     17   17     120   2   1
   420   1    1 1          1      -2       19   20     17   22     120   2   1
   421   1    0 0          2      -1       19   20     17   22     120   2   1
   422   1    0 0          0       0       20   20     22   22     120   2   1
   423   1    1 1          1      -2       20   21     22   19     120   2   1
   424   1    0 0          2      -1       20   21     22   19     120   2   1
   425   1    0 0          0       0       21   21     19   19     120   2   1
   426   1    1 1          1      -2       21   22     19   24     120   2   1
   427   1    0 0          2      -1       21   22     19   24     120   2   1
   428   1    0 0          0       0       22   22     24   24     120   2   1
   429   1    1 1          1      -2       22   23     24   21     120   2   1
   430   1    0 0          2      -1       22   23     24   21     120   2   1
   431   1    0 0          0       0       23   23     21   21     120   2   1
   432   1    1 1          1      -2       23   24     21   26     120   2   1
   433   1    0 0          2      -1       23   24     21   26     120   2   1
   434   1    0 0          0       0       24   24     26   26     120   2   1
   435   1    1 1          1      -2       24   25     26   23     120   2   1
   436   1    0 0          2      -1       24   25     26   23     120   2   1
   437   1    0 0          0       0       25   25     23   23     120   2   1
   438   1    1 1          1      -2       25   26     23   28     120   2   1
   439   1    0 0          2      -1       25   26     23   28     120   2   1
   440   1    0 0          0       0       26   26     28   28     120   2   1
   441   1    1 1          1      -2       26   27     28   25     120   2   1
   442   1    0 0          2      -1       26   27     28   25     120   2   1
   443   1    0 0          0       0       27   27     25   25     120   2   1
   444   1    1 1          1      -2       27   28     25   30     120   2   1
   445   1    0 0          2      -1       27   28     25   30     120   2   1
   446   1    0 0          0       0       28   28     30   30     120   2   1
   447   1    1 1          1      -2       28   29     30   27     120   2   1
   448   1    0 0          2      -1       28   29     30   27     120   2   1
   449   1    0 0          0       0       29   29     27   27     120   2   1
   450   1    1 1          1      -2       29   30     27   32     120   2   1
   451   1    0 0          2      -1       29   30     27   32     120   2   1
   452   1    0 0          0       0       30   30     32   32     120   2   1
   453   1    1 1          1      -2       30   31     32   29     120   2   1
   454   1    0 0          2      -1       30   31     32   29     120   2   1
   455   1    0 0          0       0       31   31     29   29     120   2   1
   456   1    1 1          1      -2       31   32     29   34     120   2   1
   457   1    0 0          2      -1       31   32     29   34     120   2   1
   458   1    0 0          0       0       32   32     34   34     120   2   1
   459   1    1 1          1      -2       32   33     34   31     120   2   1
   460   1    0 0          2      -1       32   33     34   31     120   2   1
   461   1    0 0          0       0       33   33     31   31     120   2   1
   462   1    1 1          1      -2       33   34     31   36     120   2   1
   463   1    0 0          2      -1       33   34     31   36     120   2   1
   464   1    0 0          0       0       34   34     36   36     120   2   1
   465   1    1 1          1      -2       34   35     36   33     120   2   1
   466   1    0 0          2      -1       34   35     36   33     120   2   1
   467   1    0 0          0       0       35   35     33   33     120   2   1
   468   1    1 1          1      -2       35   36     33   38     120   2   1
   469   1    0 0          2      -1       35   36     33   38     120   2   1
   470   1    0 0          0       0       36   36     38   38     120   2   1
   471   1    1 1          1      -2       36   37     38   35     120   2   1
   472   1    0 0          2      -1       36   37     38   35     120   2   1
   473   1    0 0          0       0       37   37     35   35     120   2   1
   474   1    1 1          1      -2       37   38     35   40     120   2   1
   475   1    0 0          2      -1       37   38     35   40     120   2   1
   476   1    0 0          0       0       38   38     40   40     120   2   1
   477   1    1 1          1      -2       38   39     40   37     120   2   1
   478   1    0 0          2      -1       38   39     40   37     120   2   1
   479   1    0 0          0       0       39   39     37   37     120   2   1
   480   1    1 1          1      -2       39   40     37   42     120   2   1
   481   1    0 0          2      -1       39   40     37   42     120   2   1
   482   1    0 0          0       0       40   40     42   42     120   2   1
   483   1    1 1          1      -2       40   41     42   39     120   2   1
   484   1    0 0          2      -1       40   41     42   39     120   2   1
   485   1    0 0          0       0       41   41     39   39     120   2   1
   486   1    1 1          1      -2       41   42     39   44     120   2   1
   487   1    0 0          2      -1       41   42     39   44     120   2   1
   488   1    0 0          0       0       42   42     44   44     120   2   1
   489   1    1 1          1      -2       42   43     44   41     120   2   1
   490   1    0 0          2      -1       42   43     44   41     120   2   1
   491   1    0 0          0       0       43   43     41   41     120   2   1
   492   1    1 1          1      -2       43   44     41   46     120   2   1
   493   1    0 0          2      -1       43   44     41   46     120   2   1
   494   1    0 0          0       0       44   44     46   46     120   2   1
   495   1    1 1          1      -2       44   45     46   43     120   2   1
   496   1    0 0          2      -1       44   45     46   43     120   2   1
   497   1    0 0          0       0       45   45     43   43     120   2   1
   498   1    1 1          1      -2       45   46     43   48     120   2   1
   499   1    0 0          2      -1       45   46     43   48     120   2   1
   500   1    0 0          0       0       46   46     48   48     120   2   1
   501   1    1 1          1      -2       46   47     48   45     120   2   1
   502   1    0 0          2      -1       46   47     48   45     120   2   1
   503   1    0 0          0       0       47   47     45   45     120   2   1
   504   1    1 1          1      -2       47   48     45   50     120   2   1
   505   1    0 0          2      -1       47   48     45   50     120   2   1
   506   1    0 0          0       0       48   48     50   50     120   2   1
   507   1    1 1          1      -2       48   49     50   47     120   2   1
   508   1    0 0          2      -1       48   49     50   47     120   2   1
   509   1    0 0          0       0       49   49     47   47     120   2   1
   510   1    1 1          1      -2       49   50     47   52     120   2   1
   511   1    0 0          2      -1       49   50     47   52     120   2   1
   512   1    0 0          0       0       50   50     52   52     120   2   1
   513   1    1 1          1      -2       50   51     52   49     120   2   1
   514   1    0 0          2      -1       50   51     52   49     120   2   1
   515   1    0 0          0       0       51   51     49   49     120   2   1
   516   1    1 1          1      -2       51   52     49   54     120   2   1
   517   1    0 0          2      -1       51   52     49   54     120   2   1
   518   1    0 0          0       0       52   52     54   54     120   2   1
   519   1    1 1          1      -2       52   53     54   51     120   2   1
   520   1    0 0          2      -1       52   53     54   51     120   2   1
   521   1    0 0          0       0       53   53     51   51     120   2   1
   522   1    1 1          1      -2       53   54     51   56     120   2   1
   523   1    0 0          2      -1       53   54     51   56     120   2   1
   524   1    0 0          0       0       54   54     56   56     120   2   1
   525   1    1 1          1      -2       54   55     56   53     120   2   1
   526   1    0 0          2      -1       54   55     56   53     120   2   1
   527   1    0 0          0       0       55   55     53   53     120   2   1
   528   1    1 1          1      -2       55   56     53   58     120   2   1
   529   1    0 0          2      -1       55   56     53   58     120   2   1
   530   1    0 0          0       0       56   56     58   58     120   2   1
   531   1    1 1          1      -2       56   57     58   55     120   2   1
   532   1    0 0          2      -1       56   57     58   55     120   2   1
   533   1    0 0          0       0       57   57     55   55     120   2   1
   534   1    1 1          1      -2       57   58     55   60     120   2   1
   535   1    0 0          2      -1       57   58     55   60     120   2   1
   536   1    0 0          0       0       58   58     60   60     120   2   1
   537   1    1 1          1      -2       58   59     60   57     120   2   1
   538   1    0 0          2      -1       58   59     60   57     120   2   1
   539   1    0 0          0       0       59   59     57   57     120   2   1
   540   1    1 1          1      -2       59   60     57   62     120   2   1
   541   1    0 0          2      -1       59   60     57   62     120   2   1
   542   1    0 0          0       0       60   60     62   62     120   2   1
   543   1    1 1          1      -2       60   61     62   59     120   2   1
   544   1    0 0          2      -1       60   61     62   59     120   2   1
   545   1    0 0          0       0       61   61     59   59     120   2   1
   546   1    1 1          1      -2       61   62     59   64     120   2   1
   547   1    0 0          2      -1       61   62     59   64     120   2   1
   548   1    0 0          0       0       62   62     64   64     120   2   1
   549   1    1 1          1      -2       62   63     64   61     120   2   1
   550   1    0 0          2      -1       62   63     64   61     120   2   1
   551   1    0 0          0       0       63   63     61   61     120   2   1
   552   1    1 1          1      -2       63   64     61   66     120   2   1
   553   1    0 0          2      -1       63   64     61   66     120   2   1
   554   1    0 0          0       0       64   64     66   66     120   2   1
   555   1    1 1          1      -2       64   65     66   63     120   2   1
   556   1    0 0          2      -1       64   65     66   63     120   2   1
   557   1    0 0          0       0       65   65     63   63     120   2   1
   558   1    1 1          1      -2       65   66     63   68     120   2   1
   559   1    0 0          2      -1       65   66     63   68     120   2   1
   560   1    0 0          0       0       66   66     68   68     120   2   1
   561   1    1 1          1      -2       66   67     68   65     120   2   1
   562   1    0 0          2      -1       66   67     68   65     120   2   1
   563   1    0 0          0       0       67   67     65   65     120   2   1
   564   1    1 1          1      -2       67   68     65   70     120   2   1
   565   1    0 0          2      -1       67   68     65   70     120   2   1
   566   1    0 0          0       0       68   68     70   70     120   2   1
   567   1    1 1          1      -2       68   69     70   67     120   2   1
   568   1    0 0          2      -1       68   69     70   67     120   2   1
   569   1    0 0          0       0       69   69     67   67     120   2   1
   570   1    1 1          1      -2       69   70     67   72     120   2   1
   571   1    0 0          2      -1       69   70     67   72     120   2   1
   572   1    0 0          0       0       70   70     72   72     120   2   1
   573   1    1 1          1      -2       70   71     72   69     120   2   1
   574   1    0 0          2      -1       70   71     72   69     120   2   1
   575   1    0 0          0       0       71   71     69   69     120   2   1
   576   1    1 1          1      -2       71   72     69   74     120   2   1
   577   1    0 0          2      -1       71   72     69   74     120   2   1
   578   1    0 0          0       0       72   72     74   74     120   2   1
   579   1    1 1          1      -2       72   73     74   71     120   2   1
   580   1    0 0          2      -1       72   73     74   71     120   2   1
   581   1    0 0          0       0       73   73     71   71     120   2   1
   582   1    1 1          1      -2       73   74     71   76     120   2   1
   583   1    0 0          2      -1       73   74     71   76     120   2   1
   584   1    0 0          0       0       74   74     76   76     120   2   1
   585   1    1 1          1      -2       74   75     76   73     120   2   1
   586   1    0 0          2      -1       74   75     76   73     120   2   1
   587   1    0 0          0       0       75   75     73   73     120   2   1
   588   1    1 1          1      -2       75   76     73   78     120   2   1
   589   1    0 0          2      -1       75   76     73   78     120   2   1
   590   1    0 0          0       0       76   76     78   78     120   2   1
   591   1    1 1          1      -2       76   77     78   75     120   2   1
   592   1    0 0          2      -1       76   77     78   75     120   2   1
   593   1    0 0          0       0       77   77     75   75     120   2   1
   594   1    1 1          1      -2       77   78     75   80     120   2   1
   595   1    0 0          2      -1       77   78     75   80     120   2   1
   596   1    0 0          0       0       78   78     80   80     120   2   1
   597   1    1 1          1      -2       78   79     80   77     120   2   1
   598   1    0 0          2      -1       78   79     80   77     120   2   1
   599   1    0 0          0       0       79   79     77   77     120   2   1
   600   1    1 1          1      -2       79   80     77   82     120   2   1
   601   1    0 0          2      -1       79   80     77   82     120   2   1
   602   1    0 0          0       0       80   80     82   82     120   2   1
   603   1    1 1          1      -2       80   81     82   79     120   2   1
   604   1    0 0          2      -1       80   81     82   79     120   2   1
   605   1    0 0          0       0       81   81     79   79     120   2   1
   606   1    1 1          1      -2       81   82     79   84     120   2   1
   607   1    0 0          2      -1       81   82     79   84     120   2   1
   608   1    0 0          0       0       82   82     84   84     120   2   1
   609   1    1 1          1      -2       82   83     84   81     120   2   1
   610   1    0 0          2      -1       82   83     84   81     120   2   1
   611   1    0 0          0       0       83   83     81   81     120   2   1
   612   1    1 1          1      -2       83   84     81   86     120   2   1
   613   1    0 0          2      -1       83   84     81   86     120   2   1
   614   1    0 0          0       0       84   84     86   86     120   2   1
   615   1    1 1          1      -2       84   85     86   83     120   2   1
   616   1    0 0          2      -1       84   85     86   83     120   2   1
   617   1    0 0          0       0       85   85     83   83     120   2   1
   618   1    1 1          1      -2       85   86     83   88     120   2   1
   619   1    0 0          2      -1       85   86     83   88     120   2   1
   620   1    0 0          0       0       86   86     88   88     120   2   1
   621   1    1 1          1      -2       86   87     88   85     120   2   1
   622   1    0 0          2      -1       86   87     88   85     120   2   1
   623   1    0 0          0       0       87   87     85   85     120   2   1
   624   1    1 1          1      -2       87   88     85   90     120   2   1
   625   1    0 0          2      -1       87   88     85   90     120   2   1
   626   1    0 0          0       0       88   88     90   90     120   2   1
   627   1    1 1          1      -2       88   89     90   87     120   2   1
   628   1    0 0          2      -1       88   89     90   87     120   2   1
   629   1    0 0          0       0       89   89     87   87     120   2   1
   630   1    1 1          1      -2       89   90     87   92     120   2   1
   631   1    0 0          2      -1       89   90     87   92     120   2   1
   632   1    0 0          0       0       90   90     92   92     120   2   1
   633   1    1 1          1      -2       90   91     92   89     120   2   1
   634   1    0 0          2      -1       90   91     92   89     120   2   1
   635   1    0 0          0       0       91   91     89   89     120   2   1
   636   1    1 1          1      -2       91   92     89   94     120   2   1
   637   1    0 0          2      -1       91   92     89   94     120   2   1
   638   1    0 0          0       0       92   92     94   94     120   2   1
   639   1    1 1          1      -2       92   93     94   91     120   2   1
   640   1    0 0          2      -1       92   93     94   91     120   2   1
   641   1    0 0          0       0       93   93     91   91     120   2   1
   642   1    1 1          1      -2       93   94     91   96     120   2   1
   643   1    0 0          2      -1       93   94     91   96     120   2   1
   644   1    0 0          0       0       94   94     96   96     120   2   1
   645   1    1 1          1      -2       94   95     96   93     120   2   1
   646   1    0 0          2      -1       94   95     96   93     120   2   1
   647   1    0 0          0       0       95   95     93   93     120   2   1
   648   1    1 1          1      -2       95   96     93   98     120   2   1
   649   1    0 0          2      -1       95   96     93   98     120   2   1
   650   1    0 0          0       0       96   96     98   98     120   2   1
   651   1    1 1          1      -2       96   97     98   95     120   2   1
   652   1    0 0          2      -1       96   97     98   95     120   2   1
   653   1    0 0          0       0       97   97     95   95     120   2   1
   654   1    1 1          1      -2       97   98     95  100     120   2   1
   655   1    0 0          2      -1       97   98     95  100     120   2   1
   656   1    0 0          0       0       98   98    100  100     120   2   1
   657   1    1 1          1      -2       98   99    100   97     120   2   1
   658   1    0 0          2      -1       98   99    100   97     120   2   1
   659   1    0 0          0       0       99   99     97   97     120   2   1
   660   1    1 1          1      -2       99  100     97  102     120   2   1
   661   1    0 0          2      -1       99  100     97  102     120   2   1
   662   1    0 0          0       0      100  100    102  102     120   2   1
   663   1    1 1          1      -2      100  101    102   99     120   2   1
   664   1    0 0          2      -1      100  101    102   99     120   2   1
   665   1    0 0          0       0      101  101     99   99     120   2   1
   666   1    1 1          1      -2      101  102     99  104     120   2   1
   667   1    0 0          2      -1      101  102     99  104     120   2   1
   668   1    0 0          0       0      102  102    104  104     120   2   1
   669   1    1 1          1      -2      102  103    104  101     120   2   1
   670   1    0 0          2      -1      102  103    104  101     120   2   1
   671   1    0 0          0       0      103  103    101  101     120   2   1
   672   1    1 1          1      -2      103  104    101  106     120   2   1
   673   1    0 0          2      -1      103  104    101  106     120   2   1
   674   1    0 0          0       0      104  104    106  106     120   2   1
   675   1    1 1          1      -2      104  105    106  103     120   2   1
   676   1    0 0          2      -1      104  105    106  103     120   2   1
   677   1    0 0          0       0      105  105    103  103     120   2   1
   678   1    1 1          1      -2      105  106    103  108     120   2   1
   679   1    0 0          2      -1      105  106    103  108     120   2   1
   680   1    0 0          0       0      106  106    108  108     120   2   1
   681   1    1 1          1      -2      106  107    108  105     120   2   1
   682   1    0 0          2      -1      106  107    108  105     120   2   1
   683   1    0 0          0       0      107  107    105  105     120   2   1
   684   1    1 1          1      -2      107  108    105  110     120   2   1
   685   1    0 0          2      -1      107  108    105  110     120   2   1
   686   1    0 0          0       0      108  108    110  110     120   2   1
   687   1    1 1          1      -2      108  109    110  107     120   2   1
   688   1    0 0          2      -1      108  109    110  107     120   2   1
   689   1    0 0          0       0      109  109    107  107     120   2   1
   690   1    1 1          1      -2      109  110    107  112     120   2   1
   691   1    0 0          2      -1      109  110    107  112     120   2   1
   692   1    0 0          0       0      110  110    112  112     120   2   1
   693   1    1 1          1      -2      110  111    112  109     120   2   1
   694   1    0 0          2      -1      110  111    112  109     120   2   1
   695   1    0 0          0       0      111  111    109  109     120   2   1
   696   1    1 1          1      -2      111  112    109  114     120   2   1
   697   1    0 0          2      -1      111  112    109  114     120   2   1
   698   1    0 0          0       0      112  112    114  114     120   2   1
   699   1    1 1          1      -2      112  113    114  111     120   2   1
   700   1    0 0          2      -1      112  113    114  111     120   2   1
   701   1    0 0          0       0      113  113    111  111     120   2   1
   702   1    1 1          1      -2      113  114    111  116     120   2   1
   703   1    0 0          2      -1      113  114    111  116     120   2   1
   704   1    0 0          0       0      114  114    116  116     120   2   1
   705   1    1 1          1      -2      114  115    116  113     120   2   1
   706   1    0 0          2      -1      114  115    116  113     120   2   1
   707   1    0 0          0       0      115  115    113  113     120   2   1
   708   1    1 1          1      -2      115  116    113  118     120   2   1
   709   1    0 0          2      -1      115  116    113  118     120   2   1
   710   1    0 0          0       0      116  116    118  118     120   2   1
   711   1    1 1          1      -2      116  117    118  115     120   2   1
   712   1    0 0          2      -1      116  117    118  115     120   2   1
   713   1    0 0          0       0      117  117    115  115     120   2   1
   714   1    1 1          1      -2      117  118    115    0     120   2   1
   715   1    0 0          2      -1      117  118    115    0     120   2   1
   716   1    0 0          0       0      118  118      0    0     120   2   1
   717   1    1 1          1      -2      118  119      0  117     120   2   1
   718   1    0 0          2      -1      118  119      0  117     120   2   1
   719   1    0 0          0       0      119  119    117  117     120   2   1
   720   1    1 1          1      -2      119    0    117    2     120   2   1
   721   1    0 0          2      -1      119    0    117    2     120   2   1
   722   0    1 0          0       0        0    0      0    0     120   2   1
   723   0    0 0          0       0        0    0      0    0     120   2   1
   724   0    0 0          0       0        0    0      0    0     120   2   1
   725   0    0 0          0       0        0    0      0    0     120   2   1
   726   0    0 0          0       0        0    0      0    0     120   2   1
   727   0    0 0          0       0        0    0      0    0     120   2   1
   728   0    0 0          0       0        0    0      0    0     120   2   1
   729   0    0 0          0       0        0    0      0    0     120   2   1
   730   0    0 0          0       0        0    0      0    0     120   2   1
   731   0    0 0          0       0        0    0      0    0     120   2   1
