    0        1667981777.345168767    119   0.000000000
    1        1667981777.345174537      2   0.000005722
    2        1667981777.345176948      1   0.000002384
    3        1667981777.345179161      4   0.000002146
    4        1667981777.345181380      3   0.000002384
    5        1667981777.347977077      6   0.002795696
    6        1667981777.351207670      5   0.003230572
    7        1667981777.354437208      8   0.003229380
    8        1667981777.357668046      7   0.003231049
    9        1667981777.360897540     10   0.003229380
   10        1667981777.364117198      9   0.003219604
   11        1667981777.367327471     12   0.003210306
   12        1667981777.370551959     11   0.003224611
   13        1667981777.373776315     14   0.003224134
   14        1667981777.377005212     13   0.003228903
   15        1667981777.380234658     16   0.003229618
   16        1667981777.383443863     15   0.003209114
   17        1667981777.386672310     18   0.003228426
   18        1667981777.389900953     17   0.003228664
   19        1667981777.393128676     20   0.003227711
   20        1667981777.396360729     19   0.003232002
   21        1667981777.399539892     22   0.003179312
   22        1667981777.402729089     21   0.003189087
   23        1667981777.405923947     24   0.003194809
   24        1667981777.409161174     23   0.003237247
   25        1667981777.412395857     26   0.003234863
   26        1667981777.415603037     25   0.003206968
   27        1667981777.418817058     28   0.003214121
   28        1667981777.422009666     27   0.003192663
   29        1667981777.425214127     30   0.003204346
   30        1667981777.428445409     29   0.003231287
   31        1667981777.431775638     32   0.003330231
   32        1667981777.434993626     31   0.003218174
   33        1667981777.438226170     34   0.003232479
   34        1667981777.441452811     33   0.003226519
   35        1667981777.444651279     36   0.003198624
   36        1667981777.447880915     35   0.003229618
   37        1667981777.451109349     38   0.003228426
   38        1667981777.454319455     37   0.003210068
   39        1667981777.457542347     40   0.003222942
   40        1667981777.460732824     39   0.003190517
   41        1667981777.463924620     42   0.003191710
   42        1667981777.467154617     41   0.003229856
   43        1667981777.470364027     44   0.003209591
   44        1667981777.473601625     43   0.003237486
   45        1667981777.476741084     46   0.003139496
   46        1667981777.479931633     45   0.003190517
   47        1667981777.483116501     48   0.003184795
   48        1667981777.486345101     47   0.003228664
   49        1667981777.489535149     50   0.003190041
   50        1667981777.492723203     49   0.003188133
   51        1667981777.495908878     52   0.003185749
   52        1667981777.499137551     51   0.003228664
   53        1667981777.502365360     54   0.003227711
   54        1667981777.505594874     53   0.003229618
   55        1667981777.508775728     56   0.003180742
   56        1667981777.511961044     55   0.003185272
   57        1667981777.515178436     58   0.003217459
   58        1667981777.518411348     57   0.003232956
   59        1667981777.521639570     60   0.003228188
   60        1667981777.524869196     59   0.003229618
   61        1667981777.528097963     62   0.003228664
   62        1667981777.531302340     61   0.003204584
   63        1667981777.534516151     64   0.003213644
   64        1667981777.537749450     63   0.003233433
   65        1667981777.540981635     66   0.003232002
   66        1667981777.544175819     65   0.003194332
   67        1667981777.547408290     68   0.003232479
   68        1667981777.550638122     67   0.003229856
   69        1667981777.553866171     70   0.003227949
   70        1667981777.557059922     69   0.003193855
   71        1667981777.560292136     72   0.003232241
   72        1667981777.563522317     71   0.003230095
   73        1667981777.566752305     74   0.003229856
   74        1667981777.569956986     73   0.003204823
   75        1667981777.573145679     76   0.003188610
   76        1667981777.576337528     75   0.003191948
   77        1667981777.579567362     78   0.003229856
   78        1667981777.582794617     77   0.003227234
   79        1667981777.585976949     80   0.003182173
   80        1667981777.589203594     79   0.003226757
   81        1667981777.592436022     82   0.003232479
   82        1667981777.595616939     81   0.003180981
   83        1667981777.598847902     84   0.003230810
   84        1667981777.602079436     83   0.003231525
   85        1667981777.605312692     86   0.003233194
   86        1667981777.608536870     85   0.003224373
   87        1667981777.611758111     88   0.003221035
   88        1667981777.614994406     87   0.003236294
   89        1667981777.618188222     90   0.003193855
   90        1667981777.621421196     89   0.003232956
   91        1667981777.624652887     92   0.003231764
   92        1667981777.627882144     91   0.003229380
   93        1667981777.631084434     94   0.003202200
   94        1667981777.634316057     93   0.003231525
   95        1667981777.637545678     96   0.003229618
   96        1667981777.640775218     95   0.003229618
   97        1667981777.644005281     98   0.003230095
   98        1667981777.647240071     97   0.003234863
   99        1667981777.650472817    100   0.003232718
  100        1667981777.653704831     99   0.003232002
  101        1667981777.656901359    102   0.003196478
  102        1667981777.660123984    101   0.003222704
  103        1667981777.663354717    104   0.003230572
  104        1667981777.666541404    103   0.003186703
  105        1667981777.669735933    106   0.003194571
  106        1667981777.672965578    105   0.003229618
  107        1667981777.676185840    108   0.003220320
  108        1667981777.679382623    107   0.003196716
  109        1667981777.682574323    110   0.003191710
  110        1667981777.685802775    109   0.003228426
  111        1667981777.689031821    112   0.003229141
  112        1667981777.692260632    111   0.003228903
  113        1667981777.695492636    114   0.003232002
  114        1667981777.698721806    113   0.003229141
  115        1667981777.701951839    116   0.003229856
  116        1667981777.705180182    115   0.003228426
  117        1667981777.708388033    118   0.003207922
  118        1667981777.711621410    117   0.003233433
  119        1667981777.714802045      0   0.003180504
  120        1667981777.718030327    119   0.003228188
  121        1667981777.720134013     -1   0.002103806
  122        1667981777.721099120      2   0.000965118
  123        1667981777.721210573    119   0.000111341
  124        1667981777.724445854      4   0.003235340
  125        1667981777.727661721      1   0.003215790
  126        1667981777.730896813      6   0.003235102
  127        1667981777.734127021      3   0.003230333
  128        1667981777.737357381      8   0.003230333
  129        1667981777.740546378      5   0.003189087
  130        1667981777.743778075     10   0.003231525
  131        1667981777.747007639      7   0.003229618
  132        1667981777.750237004     12   0.003229380
  133        1667981777.753466433      9   0.003229380
  134        1667981777.756649426     14   0.003183126
  135        1667981777.759881939     11   0.003232479
  136        1667981777.763110733     16   0.003228664
  137        1667981777.766329153     13   0.003218412
  138        1667981777.769558921     18   0.003229856
  139        1667981777.772789180     15   0.003230333
  140        1667981777.775994673     20   0.003205538
  141        1667981777.779175834     17   0.003180981
  142        1667981777.782405627     22   0.003229856
  143        1667981777.785643259     19   0.003237724
  144        1667981777.788875517     24   0.003232241
  145        1667981777.792030338     21   0.003154755
  146        1667981777.795272477     26   0.003242254
  147        1667981777.798468007     23   0.003195524
  148        1667981777.801698539     28   0.003230333
  149        1667981777.804903057     25   0.003204584
  150        1667981777.808086777     30   0.003183842
  151        1667981777.811317304     27   0.003230333
  152        1667981777.814512878     32   0.003195763
  153        1667981777.817702501     29   0.003189564
  154        1667981777.820921088     34   0.003218651
  155        1667981777.824153609     31   0.003232479
  156        1667981777.827379602     36   0.003226042
  157        1667981777.830578119     33   0.003198385
  158        1667981777.833807898     38   0.003229856
  159        1667981777.837042511     35   0.003234625
  160        1667981777.840252846     40   0.003210306
  161        1667981777.843439895     37   0.003186941
  162        1667981777.846671225     42   0.003231525
  163        1667981777.849887046     39   0.003215790
  164        1667981777.853109620     44   0.003222466
  165        1667981777.856305979     41   0.003196478
  166        1667981777.859453623     46   0.003147602
  167        1667981777.862668564     43   0.003214836
  168        1667981777.865877960     48   0.003209352
  169        1667981777.869083482     45   0.003205538
  170        1667981777.872316772     50   0.003233433
  171        1667981777.875518748     47   0.003201962
  172        1667981777.878736099     52   0.003217220
  173        1667981777.881959877     49   0.003223896
  174        1667981777.885190533     54   0.003230572
  175        1667981777.888357910     51   0.003167391
  176        1667981777.891590960     56   0.003233194
  177        1667981777.894820385     53   0.003229380
  178        1667981777.898050037     58   0.003229618
  179        1667981777.901279766     55   0.003229618
  180        1667981777.904509738     60   0.003230095
  181        1667981777.907740303     57   0.003230572
  182        1667981777.911135848     62   0.003395557
  183        1667981777.914365419     59   0.003229618
  184        1667981777.917594928     64   0.003229380
  185        1667981777.920823500     61   0.003228664
  186        1667981777.925520684     66   0.004697084
  187        1667981777.928751829     63   0.003231287
  188        1667981777.931944048     68   0.003192186
  189        1667981777.935173908     65   0.003229856
  190        1667981777.938401953     70   0.003227949
  191        1667981777.941631197     67   0.003229141
  192        1667981777.944859949     72   0.003228903
  193        1667981777.948091576     69   0.003231525
  194        1667981777.951278176     74   0.003186703
  195        1667981777.954479113     71   0.003201008
  196        1667981777.957708804     76   0.003229618
  197        1667981777.960939586     73   0.003230810
  198        1667981777.964150675     78   0.003211021
  199        1667981777.967380079     75   0.003229380
  200        1667981777.970608103     80   0.003227949
  201        1667981777.973836715     77   0.003228664
  202        1667981777.977031635     82   0.003195047
  203        1667981777.980261926     79   0.003230333
  204        1667981777.983415295     84   0.003153324
  205        1667981777.986608573     81   0.003193140
  206        1667981777.989838248     86   0.003229856
  207        1667981777.993028523     83   0.003190279
  208        1667981777.996180280     88   0.003151655
  209        1667981777.999410108     85   0.003229856
  210        1667981778.002631002     90   0.003220797
  211        1667981778.005822434     87   0.003191471
  212        1667981778.009312607     92   0.003490210
  213        1667981778.012531567     89   0.003218889
  214        1667981778.015762523     94   0.003231049
  215        1667981778.018991963     91   0.003229380
  216        1667981778.022221745     96   0.003229856
  217        1667981778.025404023     93   0.003182173
  218        1667981778.028603065     98   0.003199100
  219        1667981778.031831516     95   0.003228426
  220        1667981778.035006849    100   0.003175259
  221        1667981778.038195773     97   0.003189087
  222        1667981778.041403285    102   0.003207445
  223        1667981778.044632999     99   0.003229618
  224        1667981778.047814312    104   0.003181458
  225        1667981778.051037606    101   0.003223181
  226        1667981778.054249102    106   0.003211498
  227        1667981778.057483733    103   0.003234625
  228        1667981778.060672387    108   0.003188610
  229        1667981778.063901030    105   0.003228664
  230        1667981778.067130128    110   0.003229141
  231        1667981778.070360684    107   0.003230572
  232        1667981778.073589990    112   0.003229380
  233        1667981778.076819509    109   0.003229380
  234        1667981778.080051879    114   0.003232479
  235        1667981778.083243958    111   0.003191948
  236        1667981778.086469745    116   0.003225803
  237        1667981778.089662318    113   0.003192663
  238        1667981778.092894406    118   0.003232002
  239        1667981778.096125411    115   0.003231049
  240        1667981778.099358126      0   0.003232718
  241        1667981778.102589769    117   0.003231764
  242        1667981778.105826084      2   0.003236294
  243        1667981778.107964496     -1   0.002138376
