    0        1667981756.718106699    259   0.000000000
    1        1667981756.718112349      2   0.000005484
    2        1667981756.718114738      1   0.000002623
    3        1667981756.718116946      4   0.000002146
    4        1667981756.718119108      3   0.000002146
    5        1667981756.720994102      6   0.002874851
    6        1667981756.724195182      5   0.003201246
    7        1667981756.727384784      8   0.003189564
    8        1667981756.730532345      7   0.003147602
    9        1667981756.733726114     10   0.003193617
   10        1667981756.736939110      9   0.003213167
   11        1667981756.740142379     12   0.003203154
   12        1667981756.743352794     11   0.003210545
   13        1667981756.746707689     14   0.003354788
   14        1667981756.749935958     13   0.003228188
   15        1667981756.753166785     16   0.003230810
   16        1667981756.756396505     15   0.003229856
   17        1667981756.759615667     18   0.003219128
   18        1667981756.762844290     17   0.003228664
   19        1667981756.766071606     20   0.003227234
   20        1667981756.769300220     19   0.003228664
   21        1667981756.772530064     22   0.003229856
   22        1667981756.775758538     21   0.003228426
   23        1667981756.778987189     24   0.003228664
   24        1667981756.782216922     23   0.003229856
   25        1667981756.785409872     26   0.003192902
   26        1667981756.788640164     25   0.003230333
   27        1667981756.791875164     28   0.003234863
   28        1667981756.795103346     27   0.003228188
   29        1667981756.798332067     30   0.003228664
   30        1667981756.801561147     29   0.003229141
   31        1667981756.804750864     32   0.003189802
   32        1667981756.807957307     31   0.003206491
   33        1667981756.811181738     34   0.003224373
   34        1667981756.814350231     33   0.003168344
   35        1667981756.817542017     36   0.003191948
   36        1667981756.820741937     35   0.003199816
   37        1667981756.823932698     38   0.003190756
   38        1667981756.827162360     37   0.003229618
   39        1667981756.830394142     40   0.003231764
   40        1667981756.833623699     39   0.003229618
   41        1667981756.836852244     42   0.003228664
   42        1667981756.840080806     41   0.003228426
   43        1667981756.843274858     44   0.003194094
   44        1667981756.846503401     43   0.003228664
   45        1667981756.849732122     46   0.003228664
   46        1667981756.852962562     45   0.003230333
   47        1667981756.856192146     48   0.003229618
   48        1667981756.859390240     47   0.003198147
   49        1667981756.862619047     50   0.003228903
   50        1667981756.865848937     49   0.003229856
   51        1667981756.869079480     52   0.003230572
   52        1667981756.872308019     51   0.003228426
   53        1667981756.875538003     54   0.003230095
   54        1667981756.878771125     53   0.003232956
   55        1667981756.881996086     56   0.003225088
   56        1667981756.885196390     55   0.003200293
   57        1667981756.888427178     58   0.003230810
   58        1667981756.891636004     57   0.003208637
   59        1667981756.894868879     60   0.003232956
   60        1667981756.898065436     59   0.003196478
   61        1667981756.901253112     62   0.003187895
   62        1667981756.904480740     61   0.003227472
   63        1667981756.907712236     64   0.003231525
   64        1667981756.910940986     63   0.003228664
   65        1667981756.914169835     66   0.003228903
   66        1667981756.917398638     65   0.003228903
   67        1667981756.920627970     68   0.003229380
   68        1667981756.923854718     67   0.003226757
   69        1667981756.927082682     70   0.003227949
   70        1667981756.930313945     69   0.003231287
   71        1667981756.933459847     72   0.003145695
   72        1667981756.936637408     71   0.003177643
   73        1667981756.939829042     74   0.003191710
   74        1667981756.943063271     73   0.003234148
   75        1667981756.946294551     76   0.003231287
   76        1667981756.949536161     75   0.003241539
   77        1667981756.952766113     78   0.003230095
   78        1667981756.955996099     77   0.003229856
   79        1667981756.959224288     80   0.003228188
   80        1667981756.962413091     79   0.003188848
   81        1667981756.965642690     82   0.003229618
   82        1667981756.968828633     81   0.003185987
   83        1667981756.972056903     84   0.003228188
   84        1667981756.975265156     83   0.003208399
   85        1667981756.978494797     86   0.003229618
   86        1667981756.981724506     85   0.003229618
   87        1667981756.984911446     88   0.003186941
   88        1667981756.988141868     87   0.003230333
   89        1667981756.991316435     90   0.003174543
   90        1667981756.994545543     89   0.003229141
   91        1667981756.997742352     92   0.003196955
   92        1667981757.000969520     91   0.003226995
   93        1667981757.004197705     94   0.003228188
   94        1667981757.007390831     93   0.003193140
   95        1667981757.010619301     96   0.003228664
   96        1667981757.013849209     95   0.003229856
   97        1667981757.017076820     98   0.003227472
   98        1667981757.020305270     97   0.003228426
   99        1667981757.023534983    100   0.003229856
  100        1667981757.026760899     99   0.003225803
  101        1667981757.029989980    102   0.003229141
  102        1667981757.033190315    101   0.003200293
  103        1667981757.036418915    104   0.003228664
  104        1667981757.039647777    103   0.003228903
  105        1667981757.042876415    106   0.003228664
  106        1667981757.046077200    105   0.003200769
  107        1667981757.049261923    108   0.003184557
  108        1667981757.052491574    107   0.003229856
  109        1667981757.055724150    110   0.003232479
  110        1667981757.058955395    109   0.003231287
  111        1667981757.062184913    112   0.003229380
  112        1667981757.065364619    111   0.003179789
  113        1667981757.068593232    114   0.003228664
  114        1667981757.071778751    113   0.003185511
  115        1667981757.075008605    116   0.003229856
  116        1667981757.078231719    115   0.003223181
  117        1667981757.081462057    118   0.003230333
  118        1667981757.084634861    117   0.003172636
  119        1667981757.087814640    120   0.003179789
  120        1667981757.091045179    119   0.003230572
  121        1667981757.094277142    122   0.003232002
  122        1667981757.097497608    121   0.003220558
  123        1667981757.100722988    124   0.003225327
  124        1667981757.103947541    123   0.003224611
  125        1667981757.107175215    126   0.003227472
  126        1667981757.110403861    125   0.003228664
  127        1667981757.113632622    128   0.003228903
  128        1667981757.116843056    127   0.003210306
  129        1667981757.120071286    130   0.003228188
  130        1667981757.123299531    129   0.003228426
  131        1667981757.126528485    132   0.003228903
  132        1667981757.129739743    131   0.003211260
  133        1667981757.132968513    134   0.003228664
  134        1667981757.136171763    133   0.003203392
  135        1667981757.139359133    136   0.003187418
  136        1667981757.142674945    135   0.003315687
  137        1667981757.145906655    138   0.003231764
  138        1667981757.149139483    137   0.003232718
  139        1667981757.152369302    140   0.003229856
  140        1667981757.155601404    139   0.003232241
  141        1667981757.158826719    142   0.003225327
  142        1667981757.162057378    141   0.003230572
  143        1667981757.165287755    144   0.003230333
  144        1667981757.168482066    143   0.003194332
  145        1667981757.171708047    146   0.003226042
  146        1667981757.174871185    145   0.003163099
  147        1667981757.178081288    148   0.003210068
  148        1667981757.181311651    147   0.003230333
  149        1667981757.184540793    150   0.003229141
  150        1667981757.187768486    149   0.003227711
  151        1667981757.190994937    152   0.003226519
  152        1667981757.194191013    151   0.003196001
  153        1667981757.197422099    154   0.003231049
  154        1667981757.200650069    153   0.003227949
  155        1667981757.203878810    156   0.003228903
  156        1667981757.207072787    155   0.003193855
  157        1667981757.210275084    158   0.003202438
  158        1667981757.213441897    157   0.003166676
  159        1667981757.216641889    160   0.003200054
  160        1667981757.219870382    159   0.003228426
  161        1667981757.223059359    162   0.003189087
  162        1667981757.226285898    161   0.003226519
  163        1667981757.229514720    164   0.003228903
  164        1667981757.232706231    163   0.003191471
  165        1667981757.235938024    166   0.003231764
  166        1667981757.239116907    165   0.003178835
  167        1667981757.242347445    168   0.003230572
  168        1667981757.245579339    167   0.003231764
  169        1667981757.248808657    170   0.003229380
  170        1667981757.252030290    169   0.003221750
  171        1667981757.255266270    172   0.003235817
  172        1667981757.258485671    171   0.003219366
  173        1667981757.261689649    174   0.003204107
  174        1667981757.264919410    173   0.003229856
  175        1667981757.268148348    176   0.003228903
  176        1667981757.271329636    175   0.003181219
  177        1667981757.274559077    178   0.003229380
  178        1667981757.277790294    177   0.003231287
  179        1667981757.280994028    180   0.003203630
  180        1667981757.284224637    179   0.003230810
  181        1667981757.287424615    182   0.003199816
  182        1667981757.290654216    181   0.003229618
  183        1667981757.293886609    184   0.003232479
  184        1667981757.297081370    183   0.003194809
  185        1667981757.300309944    186   0.003228426
  186        1667981757.303541706    185   0.003231764
  187        1667981757.306726020    188   0.003184319
  188        1667981757.309940138    187   0.003214121
  189        1667981757.313169587    190   0.003229380
  190        1667981757.316400551    189   0.003231049
  191        1667981757.319628931    192   0.003228426
  192        1667981757.322811156    191   0.003182173
  193        1667981757.325995406    194   0.003184319
  194        1667981757.329179888    193   0.003184557
  195        1667981757.332411484    196   0.003231525
  196        1667981757.335648584    195   0.003237009
  197        1667981757.338822144    198   0.003173590
  198        1667981757.342052620    197   0.003230572
  199        1667981757.345281264    200   0.003228664
  200        1667981757.348504522    199   0.003223181
  201        1667981757.351721458    202   0.003216982
  202        1667981757.354938161    201   0.003216743
  203        1667981757.358149715    204   0.003211498
  204        1667981757.361331285    203   0.003181458
  205        1667981757.364563115    206   0.003232002
  206        1667981757.367772055    205   0.003208876
  207        1667981757.371003807    208   0.003231764
  208        1667981757.374234503    207   0.003230572
  209        1667981757.377467502    210   0.003232956
  210        1667981757.380699893    209   0.003232479
  211        1667981757.383908137    212   0.003208160
  212        1667981757.387138904    211   0.003230810
  213        1667981757.390339142    214   0.003200293
  214        1667981757.393570446    213   0.003231287
  215        1667981757.396766049    216   0.003195524
  216        1667981757.399997146    215   0.003231287
  217        1667981757.403226597    218   0.003229380
  218        1667981757.406460200    217   0.003233671
  219        1667981757.409609254    220   0.003149033
  220        1667981757.412806314    219   0.003196955
  221        1667981757.416037309    222   0.003231049
  222        1667981757.419268181    221   0.003230810
  223        1667981757.422497223    224   0.003229141
  224        1667981757.425778688    223   0.003281355
  225        1667981757.429007967    226   0.003229380
  226        1667981757.432237740    225   0.003229618
  227        1667981757.435466461    228   0.003228903
  228        1667981757.438647965    227   0.003181458
  229        1667981757.441878592    230   0.003230572
  230        1667981757.445074579    229   0.003196001
  231        1667981757.448304055    232   0.003229380
  232        1667981757.451534861    231   0.003230810
  233        1667981757.454734640    234   0.003199816
  234        1667981757.457928375    233   0.003193855
  235        1667981757.461219003    236   0.003290653
  236        1667981757.465365084    235   0.004146099
  237        1667981757.468560090    238   0.003194809
  238        1667981757.471802679    237   0.003242731
  239        1667981757.474986147    240   0.003183365
  240        1667981757.478172285    239   0.003186226
  241        1667981757.481420537    242   0.003248215
  242        1667981757.484856771    241   0.003436327
  243        1667981757.489563247    244   0.004706383
  244        1667981757.492755758    243   0.003192425
  245        1667981757.495976828    246   0.003221273
  246        1667981757.499201455    245   0.003224611
  247        1667981757.502405030    248   0.003203392
  248        1667981757.505640557    247   0.003235579
  249        1667981757.508877402    250   0.003237009
  250        1667981757.512058496    249   0.003180981
  251        1667981757.515225766    252   0.003167152
  252        1667981757.518433845    251   0.003208160
  253        1667981757.521668174    254   0.003234386
  254        1667981757.524903057    253   0.003234863
  255        1667981757.528142555    256   0.003239393
  256        1667981757.531377889    255   0.003235340
  257        1667981757.534561593    258   0.003183842
  258        1667981757.537794880    257   0.003233194
  259        1667981757.540989517      0   0.003194571
  260        1667981757.544229540    259   0.003240108
  261        1667981757.546382775     -1   0.002153158
